57 1 1
61 1 1
62 1 1
71 1 1
73 1 2
23 2 3
29 2 1
43 2 1
47 2 4
74 2 25
24 3 1
47 3 1
75 3 1
2 4 1
14 4 1
33 4 6
42 4 1
59 4 4
5 5 1
77 6 1
6 7 1
23 7 1
5 8 1
45 9 1
46 9 1
58 9 14
64 9 1
76 9 2
8 10 5
14 10 1
15 10 2
18 10 1
43 10 4
75 10 12
76 10 2
3 11 1
9 11 1
22 11 1
11 12 2
21 12 1
31 12 6
51 12 2
71 12 1
5 13 6
20 13 1
28 13 64
32 13 1
35 13 1
36 13 9
48 13 1
60 13 1
68 13 1
82 13 1
11 14 4
22 14 1
23 14 5
29 14 25
31 14 3
32 14 1
36 14 5
38 14 1
48 14 1
49 14 1
51 14 1
63 14 2
75 14 2
77 14 1
80 14 2
24 15 1
15 16 1
22 16 12
75 16 1
25 17 1
44 17 6
45 17 3
74 17 2
4 18 13
13 18 1
31 18 1
43 18 1
60 18 1
77 18 1
29 19 1
37 19 1
74 19 1
34 20 34
25 21 2
45 21 1
13 22 6
22 22 1
28 22 1
29 22 2
35 22 1
36 22 3
74 22 9
9 23 5
12 23 2
19 23 1
23 23 1
35 23 1
52 23 4
54 23 1
82 23 3
9 24 2
24 24 5
35 24 1
47 24 1
48 24 10
52 24 6
78 24 1
82 24 1
47 25 1
34 26 1
28 27 4
29 28 3
50 28 2
26 29 1
47 29 1
50 29 28
4 30 4
7 30 1
30 30 1
32 30 5
36 30 2
75 30 3
83 30 1
29 31 4
44 32 1
27 33 1
48 33 1
65 34 1
25 35 1
45 35 2
28 36 3
30 36 1
32 36 1
43 36 4
49 36 4
75 36 44
82 36 1
41 37 1
68 38 2
82 38 1
69 39 1
56 40 1
47 41 14
41 42 1
49 43 1
42 44 2
20 45 1
25 45 1
48 45 5
1 46 1
32 46 8
40 46 1
41 47 1
45 47 1
22 48 1
24 48 2
70 48 1
24 49 6
70 50 2
75 50 1
2 51 1
23 52 1
25 52 1
16 53 1
23 53 1
23 54 1
51 54 6
55 54 3
81 55 2
5 56 6
31 56 1
24 57 1
1 58 66
73 58 1
76 58 3
79 58 1
58 59 2
28 60 3
29 60 4
35 60 1
44 60 2
74 60 13
75 60 1
17 61 1
53 62 1
47 63 1
24 64 1
47 64 3
82 65 1
29 66 43
30 67 7
66 68 2
24 69 1
49 69 1
68 69 1
22 70 1
3 71 1
13 71 3
15 71 2
33 71 16
42 71 33
44 71 4
63 71 1
70 71 1
72 72 1
43 73 1
58 74 1
43 75 1
74 75 1
48 76 25
57 76 1
50 77 1
73 77 5
76 78 1
26 79 1
75 79 2
24 80 39
49 80 2
75 80 1
77 80 1
56 81 6
39 82 1
67 82 1
81 82 2
2 83 1
68 84 35
10 85 1
22 85 1
84 86 2
23 87 1
73 87 1
66 88 1
72 88 1
26 89 1
50 89 1
