9 1 1
19 1 1
22 1 1
29 1 1
34 1 1
41 1 29
46 1 9
54 1 1
64 1 2
71 1 4
74 1 1
75 1 1
76 1 2
77 1 5
80 1 5
85 1 3
86 1 48
87 1 26
88 1 1
93 1 2
96 1 17
103 1 2
106 1 1
107 1 1
109 1 46
115 1 1
118 1 5
119 1 39
121 1 2
130 1 3
133 1 1
136 1 1
137 1 5
4 2 21
5 2 4
10 2 1
12 2 1
17 2 27
18 2 3
20 2 5
23 2 3
28 2 1
30 2 7
31 2 1
33 2 1
34 2 8
39 2 8
40 2 6
46 2 1
52 2 1
61 2 2
62 2 58
63 2 49
64 2 7
65 2 2
66 2 1
75 2 2
76 2 1
83 2 3
84 2 3
100 2 1
104 2 2
110 2 18
122 2 5
3 3 2
4 3 2
6 3 1
9 3 3
19 3 2
20 3 2
21 3 2
22 3 5
23 3 1
26 3 1
27 3 1
28 3 1
33 3 1
34 3 1
36 3 1
57 3 28
59 3 6
60 3 1
61 3 6
62 3 6
63 3 6
88 3 1
90 3 2
96 3 2
101 3 3
102 3 1
104 3 1
106 3 2
108 3 2
110 3 4
112 3 4
122 3 2
123 3 1
133 3 3
136 3 2
139 3 3
4 4 3
10 4 1
15 4 5
16 4 1
19 4 1
24 4 1
26 4 1
28 4 2
31 4 1
34 4 2
40 4 1
43 4 1
54 4 1
55 4 1
56 4 1
57 4 8
58 4 5
63 4 20
82 4 2
83 4 1
88 4 5
90 4 2
91 4 2
110 4 24
111 4 7
116 4 14
134 4 2
5 5 2
56 5 1
87 5 1
88 5 1
104 5 1
118 5 2
6 6 1
15 6 1
18 6 11
20 6 1
26 6 42
27 6 1
29 6 5
33 6 4
34 6 11
45 6 53
46 6 2
47 6 2
52 6 3
55 6 3
58 6 54
63 6 17
64 6 57
65 6 2
74 6 2
75 6 14
76 6 9
77 6 2
82 6 1
93 6 1
96 6 1
103 6 10
107 6 1
108 6 9
110 6 1
111 6 2
112 6 2
116 6 1
117 6 1
118 6 1
119 6 3
121 6 2
124 6 1
129 6 5
5 7 4
21 7 1
61 7 1
89 7 2
94 7 2
102 7 1
108 7 2
113 7 1
116 7 1
117 7 2
119 7 2
8 8 1
51 8 1
116 8 1
117 8 1
119 8 3
7 9 1
8 9 8
9 9 4
14 9 1
18 9 1
19 9 1
20 9 1
27 9 2
33 9 19
34 9 1
37 9 1
39 9 3
41 9 1
44 9 1
47 9 1
48 9 1
50 9 3
53 9 1
54 9 4
58 9 1
59 9 8
63 9 2
64 9 1
74 9 1
90 9 3
101 9 1
102 9 1
105 9 1
109 9 9
110 9 1
113 9 2
114 9 1
116 9 1
136 9 1
138 9 18
2 10 1
4 10 20
9 10 22
15 10 2
23 10 1
26 10 1
27 10 1
29 10 15
31 10 1
33 10 3
34 10 6
41 10 7
43 10 1
55 10 16
57 10 7
62 10 58
64 10 21
73 10 2
74 10 2
87 10 1
91 10 39
93 10 2
96 10 2
105 10 1
109 10 1
110 10 11
111 10 7
112 10 8
116 10 2
119 10 4
122 10 4
135 10 1
2 11 1
3 11 22
8 11 1
10 11 2
11 11 4
12 11 2
17 11 20
23 11 3
24 11 2
25 11 9
27 11 1
28 11 1
30 11 2
32 11 23
33 11 2
34 11 1
37 11 1
40 11 7
42 11 26
43 11 1
62 11 4
63 11 3
64 11 17
65 11 9
70 11 1
101 11 2
103 11 2
110 11 1
111 11 1
112 11 9
120 11 1
4 12 2
9 12 1
24 12 1
26 12 3
29 12 3
34 12 7
38 12 1
52 12 1
61 12 7
62 12 8
63 12 7
64 12 3
86 12 9
88 12 1
92 12 2
101 12 2
110 12 7
111 12 4
112 12 1
116 12 1
4 13 7
5 13 32
13 13 3
14 13 5
15 13 34
17 13 5
18 13 2
21 13 1
25 13 1
27 13 1
28 13 1
29 13 1
30 13 3
31 13 1
33 13 1
34 13 4
58 13 2
62 13 1
63 13 1
64 13 61
65 13 1
75 13 3
83 13 1
85 13 1
92 13 1
96 13 2
108 13 1
109 13 2
110 13 1
111 13 7
119 13 16
138 13 1
9 14 1
14 14 1
22 14 1
31 14 1
36 14 1
51 14 1
59 14 7
60 14 2
64 14 1
68 14 1
88 14 1
90 14 3
93 14 2
96 14 4
102 14 1
105 14 1
108 14 1
118 14 5
122 14 43
123 14 7
3 15 2
4 15 18
8 15 1
9 15 1
10 15 1
15 15 10
19 15 4
24 15 4
26 15 1
28 15 1
30 15 1
31 15 2
33 15 3
34 15 2
38 15 1
62 15 2
63 15 1
64 15 4
66 15 2
91 15 2
98 15 1
110 15 1
111 15 13
120 15 1
3 16 2
4 16 6
6 16 2
9 16 1
10 16 1
15 16 3
16 16 4
17 16 2
18 16 8
22 16 1
23 16 2
24 16 1
26 16 3
27 16 35
28 16 32
29 16 17
30 16 11
31 16 2
32 16 1
33 16 12
34 16 11
39 16 3
40 16 2
42 16 1
43 16 1
44 16 1
47 16 2
48 16 10
60 16 1
61 16 74
62 16 19
63 16 52
64 16 1
65 16 10
67 16 2
70 16 1
74 16 2
75 16 4
76 16 2
86 16 7
87 16 7
92 16 1
96 16 5
98 16 1
101 16 3
107 16 1
109 16 1
110 16 73
111 16 132
112 16 3
113 16 2
116 16 4
119 16 7
122 16 2
134 16 1
138 16 2
15 17 3
16 17 1
27 17 4
28 17 17
33 17 2
34 17 28
61 17 1
62 17 25
91 17 1
101 17 2
110 17 1
111 17 26
116 17 1
3 18 1
13 18 1
15 18 3
18 18 1
23 18 2
25 18 1
26 18 2
28 18 3
42 18 1
57 18 1
58 18 1
66 18 8
70 18 1
71 18 2
77 18 1
82 18 7
85 18 1
87 18 1
103 18 2
109 18 18
110 18 4
3 19 5
4 19 30
15 19 1
19 19 1
31 19 1
64 19 1
81 19 3
118 19 1
138 19 6
11 20 1
14 20 1
15 20 1
19 20 2
34 20 1
58 20 2
59 20 3
68 20 1
89 20 1
6 21 1
9 21 3
14 21 27
16 21 2
23 21 2
24 21 1
26 21 1
31 21 1
33 21 1
34 21 5
36 21 3
39 21 3
40 21 2
41 21 5
46 21 1
47 21 2
55 21 7
56 21 1
63 21 1
65 21 1
80 21 1
83 21 1
86 21 5
92 21 1
96 21 3
101 21 1
103 21 1
108 21 1
109 21 1
111 21 1
118 21 3
119 21 1
122 21 3
126 21 2
134 21 1
2 22 1
22 22 2
69 22 1
110 22 1
15 23 1
23 23 2
26 23 2
34 23 4
41 23 1
87 23 1
23 24 1
24 24 1
41 24 1
59 24 1
70 24 2
120 24 1
11 25 7
23 25 1
25 25 1
29 25 9
59 25 2
68 25 1
70 25 1
96 25 2
114 25 1
120 25 4
22 26 1
26 26 13
32 26 1
33 26 1
34 26 19
35 26 1
61 26 11
62 26 2
66 26 1
88 26 1
99 26 1
110 26 159
111 26 3
118 26 1
3 27 1
10 27 1
11 27 1
14 27 1
18 27 1
23 27 38
26 27 6
27 27 3
29 27 3
31 27 3
42 27 1
62 27 1
63 27 1
66 27 1
74 27 2
75 27 4
88 27 4
91 27 1
107 27 1
116 27 2
122 27 2
2 28 1
3 28 1
4 28 2
16 28 9
23 28 5
24 28 6
26 28 1
28 28 4
31 28 33
33 28 6
34 28 3
40 28 2
42 28 1
52 28 1
55 28 21
58 28 3
61 28 3
62 28 1
64 28 1
67 28 8
70 28 1
74 28 1
80 28 1
86 28 1
91 28 1
101 28 4
111 28 2
113 28 2
116 28 5
119 28 1
121 28 3
122 28 8
138 28 1
26 29 20
29 29 4
61 29 1
2 30 4
4 30 5
11 30 7
12 30 1
29 30 2
30 30 3
32 30 1
35 30 1
59 30 17
62 30 4
70 30 1
82 30 1
83 30 5
87 30 1
134 30 1
15 31 1
18 31 4
28 31 1
31 31 4
32 31 11
52 31 2
59 31 1
63 31 1
101 31 2
3 32 1
26 32 1
32 32 6
34 32 1
96 32 2
110 32 1
111 32 1
113 32 1
33 33 3
33 34 1
34 34 3
38 34 1
14 35 1
17 35 1
25 35 1
26 35 6
29 35 7
30 35 1
58 35 1
64 35 13
67 35 2
75 35 1
86 35 2
90 35 3
93 35 3
105 35 1
111 35 1
112 35 1
113 35 3
14 36 1
24 36 1
27 36 1
28 36 3
30 36 2
31 36 13
36 36 3
38 36 1
39 36 4
41 36 2
45 36 1
52 36 2
59 36 1
60 36 2
79 36 1
86 36 1
90 36 1
96 36 2
103 36 4
107 36 1
108 36 6
109 36 1
111 36 12
113 36 2
118 36 4
138 36 1
9 37 2
11 37 1
59 37 1
60 37 11
63 37 1
64 37 1
75 37 2
85 37 1
112 37 1
14 38 1
20 38 1
24 38 1
26 38 1
32 38 1
38 38 1
49 38 1
63 38 1
64 38 37
72 38 1
83 38 1
86 38 1
104 38 1
108 38 1
122 38 1
26 39 1
27 39 1
33 39 2
36 39 1
39 39 1
54 39 1
59 39 1
63 39 1
87 39 1
4 40 3
6 40 1
10 40 1
25 40 1
34 40 18
52 40 3
59 40 1
74 40 1
90 40 1
96 40 1
107 40 1
109 40 8
111 40 6
116 40 1
24 41 1
41 41 8
4 42 1
24 42 6
26 42 35
27 42 1
28 42 4
29 42 1
31 42 1
34 42 10
41 42 1
42 42 3
44 42 1
45 42 2
52 42 1
61 42 11
62 42 3
63 42 26
64 42 1
76 42 1
88 42 1
104 42 1
110 42 4
111 42 5
114 42 1
117 42 2
134 42 1
6 43 3
19 43 1
23 43 9
33 43 2
36 43 11
39 43 1
43 43 1
56 43 4
57 43 1
58 43 1
77 43 5
103 43 3
104 43 4
119 43 1
121 43 8
138 43 7
5 44 1
33 44 2
44 44 2
52 44 1
60 44 2
62 44 3
64 44 1
75 44 2
4 45 1
7 45 4
9 45 8
24 45 2
27 45 1
28 45 2
44 45 1
47 45 1
54 45 1
67 45 1
71 45 4
75 45 1
87 45 9
96 45 1
107 45 2
108 45 11
114 45 5
138 45 21
12 46 1
15 46 1
16 46 3
22 46 2
42 46 5
49 46 1
56 46 1
63 46 1
67 46 8
77 46 45
80 46 2
103 46 1
116 46 1
36 47 1
37 47 3
43 47 1
57 47 1
93 47 1
101 47 1
107 47 1
108 47 24
111 47 2
75 48 1
80 48 1
103 48 10
104 48 1
121 48 2
136 48 3
137 48 1
22 49 1
45 49 1
77 49 1
80 49 2
49 50 1
76 50 1
86 50 16
115 50 1
118 50 1
121 50 2
4 51 1
26 51 17
27 51 8
31 51 5
33 51 3
36 51 2
39 51 1
41 51 7
51 51 1
55 51 2
63 51 1
64 51 1
80 51 18
96 51 16
104 51 1
105 51 3
106 51 2
109 51 1
110 51 1
115 51 1
122 51 1
123 51 3
22 52 3
26 52 1
34 52 5
63 52 2
101 52 1
116 53 3
3 54 4
4 54 40
26 54 1
27 54 3
28 54 1
30 54 1
34 54 8
54 54 2
58 54 1
61 54 4
76 54 1
78 54 1
81 54 1
87 54 2
93 54 2
96 54 4
101 54 1
104 54 5
111 54 1
118 54 7
133 54 1
138 54 2
10 55 1
28 55 10
29 55 1
31 55 1
33 55 24
34 55 2
55 55 1
64 55 1
86 55 1
87 55 1
110 55 2
111 55 1
27 56 1
28 56 1
45 56 1
55 56 1
56 56 1
58 56 1
71 56 1
76 56 1
80 56 1
85 56 4
118 56 1
119 56 1
121 56 2
23 57 1
30 57 1
31 57 1
36 57 1
45 57 9
55 57 8
57 57 2
75 57 3
76 57 1
93 57 2
96 57 1
103 57 3
116 57 2
121 57 2
10 58 1
20 58 1
21 58 1
22 58 1
23 58 2
34 58 1
57 58 1
58 58 4
90 58 1
110 58 2
122 58 1
3 59 5
9 59 3
11 59 1
14 59 1
19 59 1
20 59 2
32 59 4
41 59 6
55 59 1
59 59 7
61 59 1
62 59 2
64 59 1
65 59 1
68 59 2
102 59 1
107 59 1
110 59 1
111 59 1
117 59 2
1 60 1
31 60 1
34 60 1
41 60 1
60 60 3
63 60 5
64 60 1
70 60 1
89 60 1
96 60 1
26 61 1
28 61 2
33 61 1
61 61 5
110 61 3
12 62 1
26 62 2
41 62 2
62 62 7
63 62 1
110 62 1
118 62 1
11 63 5
19 63 1
61 63 1
63 63 16
67 63 3
75 63 7
90 63 1
93 63 1
101 63 1
109 63 2
114 63 2
116 63 2
117 63 1
20 64 1
28 64 1
34 64 1
41 64 2
64 64 6
32 65 1
64 65 6
65 65 5
103 65 1
111 65 1
15 66 1
29 66 2
34 66 1
64 66 1
66 66 1
110 66 1
3 67 2
4 67 1
15 67 1
26 67 1
29 67 1
33 67 30
34 67 1
44 67 1
61 67 3
62 67 8
63 67 2
64 67 1
65 67 1
67 67 1
80 67 3
86 67 1
88 67 4
91 67 1
100 67 1
110 67 3
111 67 57
2 68 4
11 68 8
23 68 1
24 68 2
25 68 1
36 68 1
61 68 2
64 68 9
65 68 17
66 68 3
68 68 1
103 68 8
112 68 1
9 69 1
11 69 2
59 69 1
70 69 3
120 69 4
11 70 1
23 70 1
49 70 1
68 70 1
70 70 1
111 70 2
114 70 1
2 71 3
11 71 4
24 71 2
25 71 5
29 71 1
39 71 1
65 71 2
68 71 1
69 71 1
70 71 7
120 71 7
49 72 2
76 72 7
86 72 2
87 72 6
88 72 5
98 72 1
115 72 1
135 72 1
8 73 1
26 73 2
27 73 4
42 73 2
51 73 1
63 73 51
75 73 1
80 73 6
86 73 2
106 73 1
111 73 1
9 74 1
49 74 1
75 74 1
107 74 1
114 74 1
9 75 1
12 75 1
15 75 1
32 75 7
46 75 1
49 75 1
54 75 2
74 75 1
75 75 8
101 75 1
111 75 2
114 75 1
117 75 7
28 76 1
38 76 1
62 76 1
75 76 4
111 76 10
62 77 1
63 77 1
93 77 1
1 78 1
26 78 5
36 78 2
71 78 1
77 78 1
85 78 3
86 78 1
87 78 1
88 78 1
113 78 1
114 78 1
121 78 2
131 78 2
136 78 8
75 79 29
92 79 1
56 80 1
63 80 2
80 81 1
19 82 1
41 82 1
87 82 1
97 82 1
117 82 1
17 83 2
24 83 1
31 83 1
34 83 6
58 83 1
64 83 1
66 83 1
80 83 1
88 83 7
110 83 55
139 83 1
9 84 21
15 84 2
45 84 4
64 84 19
83 84 1
85 84 1
101 84 1
116 84 17
26 85 2
27 85 2
33 85 4
34 85 25
41 85 1
52 85 1
58 85 12
62 85 3
64 85 8
65 85 1
71 85 1
72 85 1
84 85 1
85 85 3
107 85 1
109 85 9
110 85 2
111 85 10
114 85 1
122 85 1
9 86 1
85 86 1
86 86 1
115 86 29
81 87 1
86 87 2
87 87 1
121 88 1
135 88 2
39 89 5
56 89 1
11 90 1
22 90 1
33 90 1
59 90 2
70 90 1
18 91 32
19 91 4
59 91 1
90 91 1
125 91 1
12 92 1
19 92 1
27 92 1
91 92 1
15 93 1
62 93 5
63 93 1
95 93 1
101 93 1
12 94 2
42 94 1
47 94 1
52 94 3
59 94 1
61 94 6
63 94 5
67 94 2
79 94 2
93 94 3
101 94 17
119 94 1
7 95 2
9 95 4
119 95 1
5 96 1
62 96 1
111 96 3
15 97 3
27 97 2
29 97 3
30 97 7
34 97 7
36 97 1
40 97 2
43 97 2
60 97 1
62 97 1
96 97 3
99 97 1
109 97 1
116 97 2
13 98 12
15 98 1
16 98 3
24 98 4
28 98 1
31 98 1
33 98 1
35 98 1
36 98 3
48 98 1
51 98 1
56 98 1
58 98 5
60 98 3
62 98 15
63 98 16
64 98 3
66 98 4
86 98 1
95 98 3
102 98 1
103 98 1
106 98 2
108 98 1
110 98 1
111 98 1
116 98 9
117 98 53
118 98 2
123 98 1
139 98 37
15 99 1
49 99 1
15 100 1
28 100 1
49 100 2
75 100 3
95 100 2
101 100 1
103 100 1
115 100 2
117 100 2
45 101 1
95 101 1
119 101 1
122 101 1
58 102 1
28 103 1
58 103 5
101 103 1
122 103 1
9 104 4
14 104 1
18 104 1
20 104 1
39 104 1
54 104 5
55 104 10
57 104 1
58 104 12
59 104 1
77 104 1
102 104 2
123 104 1
49 105 1
103 105 6
121 105 1
20 106 4
24 106 1
28 106 1
32 106 1
36 106 9
38 106 1
44 106 1
47 106 15
55 106 3
63 106 1
103 106 9
104 106 1
108 106 6
109 106 4
110 106 1
111 106 1
112 106 2
118 106 39
119 106 2
122 106 4
136 106 3
6 107 19
9 107 24
19 107 3
26 107 9
27 107 1
33 107 5
43 107 1
51 107 2
52 107 6
56 107 1
57 107 7
86 107 1
96 107 1
105 107 1
128 107 6
138 107 1
46 108 9
86 108 1
87 108 1
121 108 13
32 109 3
52 109 1
102 109 1
107 109 2
117 109 1
4 110 1
19 110 1
21 110 1
32 110 2
33 110 1
34 110 1
41 110 1
62 110 2
63 110 1
73 110 1
82 110 1
86 110 1
97 110 1
108 110 1
123 110 3
138 110 3
1 111 1
93 111 1
109 111 1
9 112 3
26 112 1
36 112 1
47 112 1
61 112 1
66 112 1
81 112 2
110 112 13
11 113 4
13 113 1
26 113 55
27 113 1
43 113 1
52 113 1
62 113 36
63 113 1
64 113 1
67 113 1
101 113 1
110 113 6
111 113 9
116 113 11
117 113 1
124 113 1
127 113 1
133 113 1
134 113 1
9 114 1
90 114 4
112 114 2
118 114 1
138 114 9
1 115 8
9 115 2
31 115 1
87 115 3
90 115 1
113 115 3
2 116 1
4 116 5
17 116 1
20 116 2
21 116 10
22 116 1
23 116 20
26 116 4
27 116 2
28 116 1
30 116 39
36 116 1
37 116 10
42 116 1
61 116 6
62 116 3
64 116 1
84 116 1
86 116 1
87 116 1
92 116 1
96 116 4
101 116 1
104 116 1
109 116 1
110 116 1
114 116 2
63 117 1
78 117 1
107 118 1
122 118 5
49 119 1
108 119 1
117 119 5
15 120 1
46 120 1
118 120 2
71 121 1
98 121 1
103 121 12
119 121 5
129 121 1
11 122 33
16 122 1
20 122 6
25 122 6
26 122 2
44 122 1
64 122 41
70 122 1
49 123 1
121 123 1
4 124 1
13 124 4
26 124 4
27 124 3
28 124 1
41 124 5
45 124 1
48 124 1
63 124 1
97 124 1
99 124 1
108 124 1
113 124 1
122 124 2
9 125 4
31 125 1
38 125 1
105 125 4
107 125 37
108 125 10
113 125 2
117 125 2
118 125 1
123 125 1
49 126 1
127 126 1
62 127 1
130 128 1
132 128 1
81 129 1
112 129 1
113 129 4
77 130 1
113 130 1
125 131 2
126 131 1
130 131 2
133 132 1
134 132 2
137 132 1
15 133 1
118 134 1
131 135 1
5 136 1
6 136 1
7 136 1
9 136 10
10 136 1
17 136 3
18 136 1
19 136 8
20 136 1
21 136 2
27 136 6
31 136 1
34 136 3
39 136 14
41 136 63
45 136 1
87 136 1
107 136 12
108 136 2
110 136 1
112 136 26
123 136 2
128 136 1
17 137 1
21 137 1
27 137 1
38 137 2
40 137 1
41 137 8
51 137 1
64 137 1
95 137 1
100 137 1
107 137 1
108 137 1
112 137 5
122 137 1
123 137 4
125 137 1
139 137 2
10 138 1
15 138 2
24 138 1
30 138 2
63 138 15
83 138 1
95 138 1
111 138 6
118 138 1
131 138 4
140 138 2
15 139 3
63 139 1
118 139 1
141 139 2
