103 1 2
107 1 18
119 1 1
9 2 1
16 2 1
19 2 1
26 2 1
27 2 2
30 2 1
33 2 1
35 2 2
41 2 1
115 2 1
3 3 1
9 3 1
30 3 1
33 3 9
37 3 1
42 3 1
55 3 1
59 3 1
83 3 2
90 3 1
103 3 1
105 3 17
120 3 1
2 4 2
3 4 1
4 4 2
9 4 2
10 4 2
12 4 1
14 4 1
17 4 2
24 4 4
26 4 1
27 4 1
29 4 1
39 4 1
42 4 5
44 4 1
52 4 1
53 4 2
55 4 1
60 4 1
62 4 1
77 4 2
104 4 1
31 5 1
91 5 1
106 5 2
4 6 1
5 6 1
17 6 1
20 6 1
39 6 1
52 6 1
69 6 1
102 6 2
7 7 1
44 7 1
79 7 1
7 8 1
37 8 1
44 8 3
55 8 1
106 8 1
107 8 1
114 8 2
1 9 1
4 9 1
6 9 2
7 9 1
8 9 1
34 9 1
36 9 7
38 9 1
44 9 7
49 9 4
51 9 2
84 9 2
86 9 1
106 9 2
115 9 2
124 9 3
9 10 1
14 10 1
17 10 1
20 10 1
24 10 3
25 10 1
38 10 1
77 10 2
78 10 1
91 10 1
114 10 1
8 11 1
10 11 1
24 11 4
11 12 1
85 12 1
98 12 1
106 12 1
108 12 1
12 13 2
34 13 3
35 13 2
40 13 1
107 13 1
4 14 1
8 14 3
17 14 1
20 14 1
33 14 1
35 14 1
36 14 2
38 14 1
84 14 1
90 14 1
102 14 1
115 14 1
4 15 3
14 15 3
20 15 1
24 15 1
25 15 1
42 15 1
77 15 1
87 15 1
102 15 1
15 16 3
21 16 1
35 16 1
78 16 1
105 16 1
105 17 1
4 18 2
5 18 1
8 18 1
10 18 1
17 18 1
19 18 1
25 18 1
41 18 1
53 18 1
104 18 2
2 19 1
3 19 1
4 19 4
9 19 2
14 19 2
19 19 1
26 19 2
30 19 1
33 19 1
38 19 1
53 19 1
59 19 1
104 19 3
106 19 2
124 19 1
19 20 1
21 20 1
27 20 2
31 20 1
42 20 2
46 20 2
52 20 1
61 20 2
63 20 1
104 20 2
112 20 1
14 21 3
25 21 1
26 21 1
35 21 1
54 21 1
112 21 1
114 21 2
10 22 1
23 22 1
25 22 4
30 22 1
37 22 1
61 22 1
90 22 1
104 22 2
3 23 1
23 23 1
25 23 5
26 23 3
29 23 1
32 23 5
33 23 9
42 23 1
44 23 1
45 23 1
52 23 1
59 23 2
62 23 1
63 23 1
77 23 1
94 23 1
103 23 1
104 23 2
108 23 1
4 24 1
10 24 2
14 24 1
20 24 1
21 24 1
22 24 1
25 24 2
26 24 2
31 24 1
40 24 1
41 24 6
44 24 1
53 24 6
55 24 1
61 24 3
62 24 2
76 24 1
2 25 1
10 25 5
11 25 1
12 25 3
14 25 3
24 25 2
27 25 3
88 25 1
105 25 1
2 26 1
4 26 2
11 26 2
14 26 1
20 26 2
23 26 1
25 26 3
26 26 3
32 26 2
33 26 3
36 26 1
38 26 1
41 26 2
54 26 2
59 26 2
61 26 1
76 26 2
77 26 27
78 26 1
98 26 4
104 26 2
114 26 2
3 27 1
4 27 1
9 27 2
11 27 2
14 27 1
15 27 1
16 27 2
17 27 1
22 27 2
23 27 1
26 27 1
33 27 1
38 27 3
41 27 4
42 27 17
49 27 1
56 27 1
59 27 1
67 27 1
82 27 1
85 27 1
94 27 1
96 27 2
104 27 1
105 27 1
115 27 1
2 28 2
4 28 3
15 28 2
19 28 1
20 28 2
24 28 2
27 28 1
41 28 1
50 28 1
63 28 1
64 28 1
66 28 1
73 28 1
104 28 1
4 29 1
9 29 1
12 29 2
15 29 8
23 29 1
25 29 1
29 29 2
32 29 1
33 29 1
39 29 2
104 29 2
2 30 2
15 30 7
22 30 2
24 30 1
28 30 1
41 30 1
58 30 2
69 30 1
98 30 1
3 31 1
8 31 1
14 31 1
19 31 3
20 31 2
26 31 2
30 31 5
31 31 1
35 31 1
38 31 2
41 31 1
42 31 2
43 31 1
55 31 1
69 31 1
70 31 1
78 31 1
85 31 1
102 31 2
10 32 1
22 32 1
27 32 1
34 32 2
57 32 1
84 32 1
104 32 3
115 32 1
2 33 3
3 33 2
9 33 1
10 33 2
14 33 1
22 33 6
26 33 2
39 33 1
52 33 2
61 33 2
85 33 1
104 33 2
112 33 2
3 34 1
4 34 2
9 34 1
11 34 1
20 34 1
22 34 1
25 34 4
26 34 1
27 34 2
37 34 1
38 34 1
41 34 2
60 34 2
76 34 7
77 34 1
61 35 1
98 35 1
2 36 1
3 36 2
9 36 1
10 36 1
13 36 2
20 36 2
30 36 1
37 36 1
38 36 1
42 36 5
49 36 1
55 36 1
68 36 1
102 36 2
103 36 1
114 36 1
3 37 1
8 37 3
13 37 1
35 37 1
36 37 1
38 37 2
77 37 1
124 37 1
3 38 1
4 38 2
7 38 1
8 38 1
13 38 1
25 38 1
27 38 1
30 38 1
37 38 2
41 38 1
56 38 1
60 38 1
106 38 2
4 39 1
6 39 2
8 39 4
38 39 4
75 39 1
115 39 4
124 39 1
12 40 1
35 40 1
39 40 2
55 40 1
99 40 1
9 41 1
15 41 2
20 41 1
22 41 1
23 41 2
25 41 1
27 41 6
29 41 2
30 41 1
33 41 2
36 41 1
38 41 4
41 41 1
42 41 1
55 41 1
56 41 3
57 41 1
58 41 1
63 41 1
85 41 1
104 41 10
4 42 2
20 42 2
25 42 1
29 42 1
41 42 2
42 42 2
4 43 2
8 43 1
11 43 1
12 43 1
15 43 1
35 43 1
41 43 4
42 43 3
60 43 1
27 44 1
44 44 2
95 44 1
2 45 1
7 45 1
8 45 2
16 45 1
17 45 1
20 45 1
26 45 1
43 45 1
46 45 1
50 45 1
87 45 1
110 45 1
124 45 1
44 46 1
19 47 1
44 47 2
45 47 1
48 47 1
54 47 1
55 47 1
80 47 1
27 48 1
35 48 1
52 49 1
82 49 1
48 50 1
49 50 1
20 51 1
46 51 1
64 51 1
78 51 1
82 51 1
115 51 1
9 52 1
15 52 1
20 52 4
25 52 1
27 52 1
35 52 1
47 52 1
53 52 1
95 52 1
103 52 1
50 53 1
33 54 1
38 54 1
53 54 1
55 54 1
107 54 1
4 55 2
8 55 1
11 55 1
14 55 1
20 55 3
27 55 4
35 55 1
55 55 1
106 55 4
42 56 2
54 56 2
77 56 1
79 56 1
102 56 1
4 57 2
9 57 18
15 57 1
16 57 3
17 57 1
53 57 1
77 57 4
4 58 2
9 58 4
10 58 1
14 58 2
17 58 1
27 58 1
35 58 1
37 58 1
38 58 1
53 58 1
64 58 1
76 58 1
77 58 1
78 58 4
81 58 1
83 58 1
84 58 1
88 58 1
94 58 1
96 58 1
98 58 2
100 58 1
124 58 1
8 59 2
9 59 1
20 59 1
29 59 1
35 59 1
36 59 2
40 59 1
42 59 2
56 59 1
69 59 1
87 59 2
90 59 1
96 59 8
124 59 1
16 60 1
19 60 1
35 60 1
44 60 2
57 60 1
105 60 1
111 60 1
2 61 2
20 61 2
22 61 1
28 61 1
35 61 1
55 61 1
104 61 3
105 61 1
2 62 1
3 62 1
4 62 1
11 62 1
22 62 1
25 62 11
26 62 3
29 62 4
30 62 2
33 62 2
34 62 1
41 62 4
53 62 1
59 62 3
60 62 2
64 62 5
72 62 1
105 62 8
110 62 1
3 63 2
4 63 1
9 63 1
11 63 1
14 63 2
15 63 1
20 63 1
22 63 1
33 63 1
41 63 4
44 63 2
60 63 1
64 63 1
104 63 1
105 63 1
108 63 1
111 63 1
4 64 1
12 64 2
23 64 1
25 64 3
27 64 1
30 64 1
34 64 2
40 64 1
58 64 1
61 64 1
76 64 1
86 64 3
104 64 1
2 65 1
14 65 1
19 65 1
22 65 8
23 65 6
26 65 6
27 65 1
41 65 2
44 65 1
52 65 1
62 65 1
78 65 3
94 65 1
124 65 1
8 66 1
10 66 2
12 66 1
25 66 1
27 66 1
39 66 1
44 66 1
78 66 1
104 66 2
41 67 1
1 68 1
48 68 2
19 69 1
36 69 1
43 69 1
78 69 1
115 69 3
124 70 1
7 71 1
14 71 1
124 71 2
15 72 1
20 72 3
27 72 1
77 72 1
102 72 1
27 73 1
46 73 1
46 74 1
103 74 1
111 74 2
27 75 1
24 76 1
27 76 1
58 76 2
72 76 1
104 76 1
26 77 1
87 77 1
90 77 1
9 78 1
4 79 1
14 79 2
36 79 1
38 79 1
77 79 1
104 79 1
3 80 1
4 80 1
9 80 1
25 80 2
59 80 1
1 81 1
102 81 1
103 81 1
1 82 4
20 82 1
40 82 1
41 82 1
48 82 2
82 82 2
85 82 1
107 82 1
1 83 1
17 83 1
53 83 1
55 83 1
78 83 1
113 83 1
1 84 4
38 84 1
48 84 1
52 84 1
79 84 2
103 84 1
123 84 1
124 84 1
9 85 1
38 85 4
50 85 1
3 86 1
4 86 6
8 86 2
30 86 1
36 86 1
42 86 1
55 86 3
4 87 1
9 87 2
11 87 1
16 87 2
17 87 1
20 87 1
27 87 1
76 87 1
78 87 2
82 87 1
85 87 1
98 87 1
19 88 2
86 88 1
93 88 1
4 89 1
19 89 1
65 89 1
95 89 1
101 89 2
8 90 1
87 90 2
94 90 1
50 91 1
60 91 2
4 92 1
14 92 3
35 92 2
44 92 1
49 92 1
55 92 2
82 92 1
89 92 1
90 92 1
98 92 1
104 92 1
102 93 1
103 94 1
118 94 1
8 95 1
48 95 4
71 95 1
82 95 1
97 95 1
8 96 1
14 96 1
35 96 2
41 96 1
77 96 1
44 97 1
14 98 1
34 98 1
55 98 2
71 98 2
87 98 1
111 98 1
44 99 1
90 99 1
111 99 1
115 99 3
124 99 1
46 100 1
48 100 1
62 100 1
82 100 1
102 100 2
110 100 1
8 101 2
9 101 3
14 101 1
20 101 3
26 101 4
30 101 1
37 101 4
64 101 2
70 101 1
91 101 1
98 101 2
102 101 2
107 101 1
108 101 1
38 102 2
53 102 2
107 102 2
1 103 1
80 103 1
100 103 1
9 104 1
26 104 2
37 104 2
44 104 1
69 104 1
77 104 1
103 104 4
124 104 5
4 105 1
5 105 1
7 105 3
13 105 1
35 105 5
37 105 4
38 105 1
40 105 2
44 105 1
90 105 1
115 105 1
124 105 3
1 106 3
54 106 2
82 106 1
2 107 6
4 107 1
9 107 3
11 107 3
14 107 3
22 107 1
25 107 5
26 107 1
27 107 1
36 107 1
42 107 1
55 107 1
58 107 1
60 107 1
64 107 3
78 107 2
90 107 1
91 107 1
104 107 3
105 107 1
124 107 1
3 108 10
4 108 1
9 108 1
11 108 1
13 108 1
14 108 8
15 108 2
17 108 1
25 108 1
26 108 1
57 108 1
64 108 3
76 108 1
104 108 3
105 108 1
108 108 9
114 108 1
8 109 2
11 109 1
20 109 2
26 109 1
35 109 1
44 109 1
49 109 2
107 109 1
8 110 1
9 110 1
26 110 1
36 110 1
39 110 1
46 110 1
72 110 1
92 110 1
103 110 1
107 110 1
115 110 1
4 111 1
14 111 1
33 111 1
108 111 1
81 112 1
102 112 1
110 112 2
7 113 2
8 113 1
15 113 1
27 113 2
30 113 2
41 113 1
44 113 1
50 113 1
51 113 1
60 113 1
95 113 1
109 113 2
26 114 2
44 114 1
73 114 1
3 115 1
11 115 1
14 115 1
15 115 2
34 115 1
48 115 1
64 115 1
72 115 1
82 115 3
119 115 1
32 116 1
36 116 1
40 116 1
43 116 1
64 116 1
59 117 1
45 118 2
48 118 1
74 118 1
103 118 1
113 118 1
2 119 1
4 119 1
9 119 1
14 119 3
26 119 1
39 119 2
44 119 1
63 119 1
78 119 1
105 119 1
114 119 1
121 119 1
6 120 1
7 120 1
59 120 4
91 120 1
96 120 1
102 120 1
107 120 2
121 121 1
117 122 1
44 123 2
1 124 1
46 125 1
107 125 1
123 125 1
103 126 1
116 127 2
122 127 2
95 128 1
107 128 1
119 128 1
9 129 1
18 129 1
20 129 1
37 129 6
45 129 1
52 129 3
75 129 1
94 129 1
101 129 8
102 129 2
106 129 2
124 129 1
1 130 1
106 130 2
125 130 1
2 131 1
