1 1 3
46 1 1
48 1 2
50 1 1
53 1 1
56 1 1
72 1 2
86 1 1
87 1 1
88 1 1
89 1 2
103 1 1
110 1 2
111 1 7
118 1 1
120 1 1
121 1 1
135 1 1
2 2 10
12 2 1
15 2 1
20 2 1
27 2 3
28 2 1
35 2 3
45 2 1
59 2 1
60 2 1
62 2 1
64 2 1
66 2 1
67 2 1
78 2 1
85 2 2
92 2 1
106 2 1
112 2 2
4 3 1
9 3 2
12 3 1
16 3 1
17 3 1
18 3 1
23 3 1
27 3 2
28 3 2
31 3 3
32 3 1
38 3 1
41 3 1
42 3 1
51 3 1
54 3 3
55 3 1
60 3 1
62 3 2
63 3 1
82 3 1
84 3 1
90 3 1
91 3 2
92 3 1
112 3 2
113 3 1
125 3 2
126 3 3
137 3 1
4 4 2
6 4 1
10 4 4
15 4 1
16 4 3
18 4 1
19 4 2
26 4 2
28 4 1
40 4 1
43 4 1
54 4 1
55 4 2
84 4 1
85 4 2
90 4 1
112 4 1
113 4 1
116 4 1
124 4 1
32 5 1
88 5 1
111 5 1
6 6 1
8 6 1
17 6 1
30 6 1
48 6 1
50 6 1
56 6 2
70 6 2
72 6 1
73 6 1
76 6 1
78 6 1
88 6 2
90 6 2
105 6 2
119 6 1
7 7 1
9 7 1
14 7 3
17 7 2
18 7 1
20 7 1
21 7 1
34 7 1
36 7 3
39 7 2
43 7 2
45 7 4
47 7 1
52 7 1
55 7 1
59 7 1
85 7 1
90 7 2
91 7 1
96 7 2
97 7 2
101 7 3
106 7 1
125 7 1
8 8 2
9 8 2
14 8 4
15 8 1
18 8 1
38 8 1
45 8 1
47 8 3
58 8 1
63 8 1
69 8 2
73 8 2
82 8 1
90 8 2
95 8 1
97 8 8
101 8 1
105 8 1
115 8 1
118 8 1
138 8 2
7 9 6
8 9 3
9 9 8
10 9 4
11 9 1
14 9 6
15 9 2
16 9 1
17 9 1
18 9 1
20 9 4
22 9 1
32 9 3
36 9 2
37 9 2
38 9 6
39 9 3
41 9 4
43 9 2
45 9 7
51 9 2
54 9 1
58 9 1
59 9 4
70 9 1
73 9 1
78 9 1
82 9 1
88 9 1
90 9 4
102 9 1
108 9 1
110 9 5
125 9 2
137 9 2
138 9 1
1 10 1
4 10 1
8 10 1
9 10 1
10 10 7
11 10 2
15 10 1
18 10 5
21 10 6
23 10 4
25 10 2
26 10 3
27 10 2
28 10 1
36 10 1
38 10 4
39 10 1
40 10 1
43 10 1
62 10 1
63 10 2
68 10 1
82 10 1
83 10 4
84 10 1
85 10 3
97 10 1
101 10 1
106 10 10
107 10 1
113 10 1
114 10 1
135 10 1
10 11 1
11 11 14
20 11 6
21 11 2
22 11 1
24 11 1
25 11 20
26 11 1
29 11 1
35 11 4
41 11 2
42 11 2
54 11 3
55 11 3
58 11 1
64 11 2
65 11 1
66 11 1
68 11 5
69 11 3
70 11 2
71 11 9
75 11 1
98 11 17
106 11 1
113 11 4
116 11 1
122 11 9
26 12 1
27 12 1
35 12 1
43 12 1
63 12 1
73 12 1
85 12 1
93 12 1
112 12 1
113 12 4
116 12 1
122 12 1
132 12 1
13 13 2
16 13 1
17 13 2
26 13 2
27 13 1
34 13 1
48 13 5
55 13 4
58 13 1
59 13 2
62 13 1
68 13 2
113 13 1
122 13 1
9 14 3
10 14 1
11 14 1
13 14 2
14 14 6
16 14 2
20 14 8
21 14 3
22 14 2
25 14 1
36 14 1
37 14 1
42 14 1
44 14 1
45 14 1
55 14 1
57 14 3
59 14 7
60 14 3
65 14 1
70 14 3
84 14 1
90 14 4
97 14 1
102 14 1
105 14 4
125 14 2
138 14 1
4 15 1
9 15 1
10 15 3
15 15 4
16 15 3
17 15 2
18 15 1
23 15 5
24 15 1
27 15 1
32 15 1
35 15 1
36 15 2
41 15 1
43 15 2
44 15 1
58 15 3
61 15 1
62 15 6
63 15 3
66 15 1
69 15 5
71 15 2
77 15 1
92 15 1
97 15 1
98 15 2
99 15 2
103 15 1
106 15 2
112 15 3
113 15 2
120 15 1
124 15 1
126 15 1
11 16 1
12 16 1
15 16 2
16 16 1
18 16 1
19 16 1
20 16 1
21 16 1
25 16 2
27 16 9
28 16 3
34 16 1
36 16 1
38 16 1
39 16 1
40 16 1
42 16 1
43 16 1
44 16 1
61 16 1
62 16 1
63 16 1
65 16 2
67 16 1
85 16 1
92 16 1
103 16 1
112 16 5
113 16 11
116 16 4
122 16 3
3 17 1
4 17 1
12 17 2
17 17 1
21 17 1
26 17 1
27 17 2
42 17 1
45 17 1
50 17 1
64 17 1
106 17 1
120 17 1
123 17 1
124 17 1
4 18 2
6 18 2
9 18 1
10 18 15
15 18 1
16 18 1
17 18 2
18 18 1
24 18 3
27 18 1
42 18 1
54 18 2
59 18 3
68 18 2
73 18 1
85 18 1
100 18 1
120 18 1
135 18 1
137 18 1
4 19 3
10 19 1
15 19 12
16 19 5
26 19 2
28 19 1
55 19 2
59 19 1
90 19 2
112 19 1
113 19 1
137 19 1
4 20 2
9 20 3
10 20 1
11 20 1
12 20 6
14 20 10
16 20 1
20 20 16
22 20 6
24 20 2
25 20 9
26 20 2
28 20 2
31 20 4
32 20 2
33 20 2
39 20 1
41 20 1
44 20 1
45 20 2
58 20 1
59 20 11
62 20 3
63 20 1
64 20 3
65 20 1
68 20 3
69 20 16
70 20 7
71 20 20
73 20 1
84 20 5
85 20 1
90 20 8
91 20 2
92 20 1
97 20 1
101 20 2
103 20 1
111 20 1
113 20 1
115 20 1
116 20 1
122 20 10
1 21 2
2 21 1
6 21 1
10 21 3
13 21 1
14 21 3
16 21 1
18 21 6
19 21 1
21 21 3
24 21 1
25 21 1
27 21 1
30 21 1
31 21 1
34 21 1
36 21 2
38 21 1
39 21 1
41 21 1
43 21 2
45 21 2
51 21 1
52 21 4
55 21 2
59 21 1
62 21 33
63 21 1
64 21 1
85 21 2
91 21 1
92 21 1
94 21 1
97 21 1
98 21 2
106 21 6
110 21 1
120 21 1
121 21 1
2 22 1
9 22 3
11 22 1
21 22 1
22 22 9
28 22 3
32 22 2
36 22 1
39 22 1
42 22 1
45 22 1
55 22 1
59 22 3
60 22 1
64 22 1
67 22 1
69 22 10
70 22 6
71 22 1
76 22 1
96 22 1
116 22 1
122 22 6
4 23 1
10 23 2
11 23 2
12 23 1
13 23 3
15 23 1
16 23 2
23 23 4
24 23 2
25 23 1
26 23 7
27 23 7
28 23 4
29 23 3
32 23 2
33 23 1
34 23 8
36 23 1
38 23 2
41 23 4
43 23 3
59 23 2
61 23 1
63 23 1
66 23 1
75 23 1
83 23 3
84 23 1
85 23 1
112 23 5
113 23 1
115 23 1
122 23 1
10 24 1
11 24 2
13 24 2
15 24 1
20 24 1
23 24 1
24 24 4
25 24 1
26 24 4
28 24 3
29 24 1
33 24 2
35 24 2
36 24 1
41 24 6
42 24 10
59 24 2
61 24 1
62 24 3
64 24 1
65 24 2
66 24 1
68 24 3
69 24 5
70 24 4
71 24 12
87 24 1
93 24 2
98 24 3
101 24 1
112 24 1
125 24 1
2 25 3
4 25 2
10 25 1
11 25 6
14 25 2
15 25 6
16 25 6
17 25 2
25 25 38
27 25 5
33 25 1
35 25 2
36 25 2
42 25 4
55 25 1
59 25 1
60 25 3
65 25 1
67 25 1
68 25 3
69 25 28
70 25 9
71 25 13
90 25 1
98 25 3
106 25 1
112 25 1
116 25 6
122 25 18
123 25 1
10 26 2
11 26 1
12 26 2
13 26 1
15 26 2
16 26 1
20 26 1
26 26 1
27 26 1
32 26 2
34 26 3
58 26 1
61 26 1
64 26 5
68 26 2
69 26 2
71 26 3
84 26 1
110 26 1
112 26 4
113 26 2
116 26 3
1 27 1
3 27 2
4 27 2
10 27 3
11 27 2
13 27 4
15 27 2
16 27 7
23 27 1
25 27 1
26 27 1
27 27 6
31 27 1
34 27 1
42 27 1
43 27 1
44 27 1
47 27 1
58 27 1
65 27 1
67 27 3
69 27 1
70 27 2
76 27 1
92 27 1
98 27 1
101 27 1
103 27 1
106 27 7
113 27 1
118 27 1
137 27 1
2 28 1
3 28 1
4 28 1
10 28 1
12 28 1
15 28 1
16 28 5
18 28 1
20 28 1
23 28 3
24 28 3
27 28 3
28 28 3
34 28 2
38 28 1
42 28 2
43 28 1
46 28 1
47 28 1
48 28 1
54 28 1
58 28 5
61 28 6
62 28 1
63 28 2
64 28 1
67 28 1
71 28 1
73 28 1
76 28 2
83 28 1
85 28 1
91 28 1
92 28 1
94 28 4
101 28 3
103 28 32
106 28 1
107 28 1
112 28 2
118 28 1
119 28 7
124 28 1
4 29 1
10 29 1
13 29 4
15 29 1
16 29 6
23 29 1
24 29 7
26 29 2
29 29 1
30 29 5
34 29 2
55 29 1
58 29 1
62 29 1
66 29 1
112 29 3
11 30 2
12 30 1
13 30 2
15 30 2
16 30 1
26 30 2
27 30 3
29 30 1
30 30 2
34 30 2
35 30 1
45 30 1
52 30 1
59 30 3
61 30 1
63 30 2
64 30 1
65 30 1
68 30 5
69 30 7
71 30 2
84 30 1
87 30 2
98 30 1
116 30 1
2 31 1
3 31 1
9 31 2
10 31 5
15 31 1
16 31 1
17 31 9
20 31 1
28 31 1
31 31 4
36 31 2
42 31 2
55 31 2
60 31 1
63 31 2
70 31 3
82 31 1
85 31 5
112 31 3
113 31 1
114 31 1
5 32 1
11 32 1
13 32 12
14 32 2
15 32 1
23 32 6
26 32 4
27 32 1
31 32 2
32 32 5
44 32 2
59 32 2
64 32 2
69 32 2
70 32 3
85 32 1
90 32 1
92 32 1
101 32 1
103 32 4
109 32 1
113 32 1
116 32 1
4 33 1
12 33 1
15 33 1
16 33 1
23 33 1
24 33 1
26 33 2
32 33 1
34 33 1
67 33 4
83 33 3
94 33 17
125 33 1
4 34 1
10 34 1
12 34 1
13 34 1
16 34 1
20 34 1
26 34 1
29 34 1
34 34 1
42 34 1
65 34 1
75 34 1
98 34 1
125 34 1
2 35 1
4 35 3
11 35 1
12 35 1
15 35 2
18 35 2
25 35 4
27 35 2
29 35 2
31 35 2
34 35 1
35 35 3
36 35 3
37 35 3
38 35 1
59 35 1
65 35 3
68 35 2
73 35 1
89 35 1
98 35 4
103 35 1
106 35 1
110 35 1
113 35 1
116 35 1
125 35 1
3 36 1
4 36 1
6 36 2
9 36 3
10 36 1
12 36 1
13 36 2
14 36 3
15 36 3
16 36 3
19 36 1
21 36 2
22 36 1
24 36 1
25 36 2
30 36 1
33 36 1
36 36 10
38 36 3
41 36 1
44 36 1
54 36 1
62 36 3
69 36 2
86 36 1
90 36 1
92 36 1
97 36 2
98 36 2
114 36 1
124 36 1
125 36 2
127 36 2
138 36 2
4 37 1
5 37 2
9 37 3
11 37 2
14 37 2
21 37 1
31 37 4
35 37 3
37 37 2
45 37 1
53 37 1
54 37 1
59 37 2
62 37 1
63 37 2
92 37 1
95 37 1
103 37 3
115 37 1
125 37 2
137 37 1
1 38 1
3 38 1
6 38 5
10 38 3
13 38 2
18 38 1
20 38 1
23 38 2
27 38 1
28 38 1
36 38 4
39 38 2
41 38 1
45 38 2
54 38 3
59 38 1
67 38 1
82 38 2
85 38 1
87 38 1
91 38 1
94 38 1
97 38 1
109 38 1
114 38 2
116 38 3
124 38 1
125 38 2
137 38 2
2 39 2
4 39 1
9 39 3
18 39 1
20 39 2
27 39 3
31 39 1
36 39 3
37 39 1
39 39 1
45 39 3
55 39 1
59 39 3
69 39 3
90 39 1
95 39 2
98 39 2
105 39 8
107 39 1
109 39 1
112 39 1
115 39 1
4 40 1
5 40 1
6 40 1
21 40 2
23 40 1
25 40 1
27 40 1
31 40 1
38 40 1
40 40 1
55 40 1
56 40 1
58 40 1
88 40 2
97 40 1
116 40 1
10 41 1
16 41 2
17 41 1
23 41 10
24 41 16
26 41 1
30 41 2
31 41 1
32 41 1
36 41 1
41 41 4
55 41 2
59 41 1
62 41 1
63 41 1
66 41 1
68 41 2
69 41 3
70 41 2
85 41 2
100 41 1
113 41 2
2 42 1
15 42 2
17 42 2
18 42 1
21 42 1
22 42 1
25 42 2
27 42 5
28 42 5
30 42 4
32 42 1
34 42 1
42 42 2
43 42 3
58 42 1
61 42 1
107 42 1
112 42 2
113 42 2
114 42 1
117 42 1
10 43 1
11 43 1
15 43 1
16 43 20
19 43 1
20 43 2
27 43 1
31 43 1
36 43 5
40 43 1
41 43 2
42 43 1
43 43 3
50 43 1
63 43 1
85 43 1
97 43 1
106 43 11
2 44 1
9 44 1
16 44 1
20 44 1
21 44 1
22 44 2
28 44 1
35 44 1
44 44 3
46 44 9
48 44 2
52 44 3
59 44 2
60 44 1
63 44 2
67 44 1
69 44 1
70 44 2
90 44 1
96 44 2
103 44 2
105 44 1
113 44 1
137 44 1
3 45 1
4 45 1
6 45 4
7 45 8
8 45 4
9 45 18
10 45 1
14 45 6
16 45 1
18 45 1
19 45 1
20 45 3
22 45 2
23 45 1
26 45 1
27 45 10
28 45 1
31 45 2
32 45 2
33 45 2
36 45 5
37 45 1
38 45 1
41 45 3
42 45 3
43 45 1
45 45 11
47 45 1
48 45 2
53 45 4
56 45 3
57 45 1
58 45 1
59 45 1
60 45 2
63 45 3
69 45 9
74 45 1
80 45 2
89 45 1
90 45 1
95 45 1
96 45 3
98 45 3
101 45 4
105 45 1
112 45 1
113 45 4
114 45 2
118 45 2
125 45 4
137 45 4
138 45 2
48 46 3
78 46 1
102 46 1
114 46 1
1 47 1
6 47 2
18 47 1
47 47 3
49 47 1
57 47 1
58 47 1
77 47 2
118 47 1
1 48 3
6 48 1
45 48 1
46 48 4
48 48 4
52 48 1
56 48 1
58 48 1
72 48 1
78 48 4
81 48 1
94 48 2
105 48 1
108 48 1
123 48 4
49 49 1
71 49 1
72 49 1
94 49 3
105 49 1
121 49 1
123 49 2
49 50 1
50 50 1
108 50 1
114 50 1
123 50 1
3 51 1
8 51 1
9 51 1
14 51 1
16 51 1
37 51 1
45 51 2
49 51 1
51 51 1
73 51 1
86 51 1
107 51 1
124 51 2
125 51 1
137 51 1
3 52 1
12 52 1
28 52 1
41 52 2
42 52 1
45 52 3
46 52 1
48 52 1
53 52 2
69 52 2
76 52 1
85 52 1
102 52 1
105 52 1
119 52 1
7 53 2
15 53 1
38 53 1
45 53 4
53 53 1
62 53 1
101 53 1
102 53 2
118 53 5
3 54 1
4 54 1
15 54 1
17 54 1
18 54 1
27 54 2
28 54 1
34 54 2
38 54 1
42 54 1
49 54 1
52 54 6
54 54 1
57 54 1
58 54 1
63 54 2
66 54 1
67 54 1
85 54 1
93 54 2
104 54 1
113 54 1
120 54 1
4 55 1
10 55 2
11 55 2
16 55 1
18 55 1
20 55 2
21 55 3
22 55 4
28 55 3
40 55 1
61 55 1
63 55 1
93 55 1
124 55 1
1 56 1
5 56 2
30 56 1
45 56 1
50 56 1
56 56 1
88 56 1
121 56 1
123 56 1
133 56 1
3 57 1
9 57 1
38 57 1
45 57 1
46 57 1
47 57 5
56 57 1
84 57 1
94 57 1
1 58 1
4 58 1
8 58 2
9 58 1
12 58 1
15 58 2
21 58 2
23 58 1
26 58 1
27 58 1
28 58 3
36 58 1
42 58 2
47 58 1
58 58 3
61 58 1
64 58 1
67 58 2
69 58 1
82 58 1
83 58 1
85 58 5
90 58 1
96 58 2
97 58 1
128 58 1
1 59 1
3 59 1
8 59 7
9 59 4
11 59 1
14 59 3
16 59 1
18 59 2
20 59 8
21 59 1
24 59 1
26 59 1
27 59 3
28 59 3
30 59 2
31 59 1
32 59 3
36 59 1
39 59 3
41 59 1
45 59 3
53 59 2
54 59 1
55 59 1
57 59 3
59 59 17
64 59 2
66 59 1
68 59 1
69 59 14
70 59 8
71 59 9
73 59 1
90 59 6
93 59 1
97 59 2
101 59 1
103 59 2
112 59 2
113 59 1
116 59 5
122 59 3
125 59 5
137 59 1
138 59 1
15 60 2
20 60 7
27 60 1
30 60 1
31 60 2
32 60 2
34 60 1
36 60 1
39 60 1
60 60 10
64 60 1
69 60 8
71 60 2
97 60 1
101 60 3
112 60 1
116 60 2
138 60 6
16 61 1
23 61 2
24 61 1
25 61 1
26 61 1
28 61 1
61 61 4
63 61 2
66 61 1
69 61 3
92 61 4
93 61 1
94 61 3
2 62 11
3 62 1
12 62 3
15 62 2
16 62 2
26 62 2
27 62 1
30 62 1
41 62 1
42 62 3
45 62 2
47 62 1
60 62 1
62 62 3
63 62 1
67 62 5
69 62 2
113 62 2
2 63 1
15 63 3
17 63 2
19 63 1
20 63 1
23 63 1
26 63 1
34 63 2
47 63 3
48 63 1
60 63 2
61 63 2
62 63 1
63 63 3
65 63 2
67 63 1
69 63 1
70 63 1
76 63 1
82 63 1
94 63 9
99 63 1
102 63 2
103 63 5
112 63 1
2 64 1
6 64 1
9 64 1
11 64 1
15 64 1
26 64 1
32 64 1
33 64 2
34 64 1
38 64 1
42 64 1
46 64 1
63 64 1
64 64 1
68 64 3
69 64 4
78 64 1
83 64 1
113 64 1
120 64 1
9 65 2
11 65 2
18 65 1
20 65 2
23 65 2
25 65 2
27 65 3
32 65 2
34 65 2
35 65 2
42 65 1
58 65 2
59 65 2
60 65 1
65 65 1
68 65 5
69 65 3
71 65 8
112 65 7
14 66 2
15 66 3
21 66 1
23 66 1
27 66 2
41 66 2
42 66 2
45 66 1
59 66 1
60 66 1
64 66 2
65 66 1
66 66 3
69 66 1
71 66 1
98 66 1
11 67 1
14 67 5
24 67 1
26 67 1
27 67 2
28 67 5
31 67 1
34 67 1
36 67 3
39 67 1
40 67 1
58 67 1
63 67 3
65 67 1
103 67 1
112 67 1
113 67 6
116 67 1
16 68 4
20 68 2
25 68 6
65 68 1
67 68 1
68 68 13
69 68 2
71 68 11
116 68 4
122 68 10
10 69 2
11 69 4
14 69 2
20 69 9
22 69 3
24 69 5
25 69 4
32 69 4
36 69 1
41 69 4
49 69 1
59 69 4
60 69 1
64 69 1
65 69 13
68 69 19
69 69 51
70 69 8
71 69 106
112 69 1
122 69 48
125 69 1
3 70 1
11 70 4
20 70 5
22 70 1
25 70 11
26 70 1
31 70 1
32 70 3
33 70 2
36 70 1
39 70 1
41 70 1
42 70 1
44 70 1
52 70 1
59 70 13
60 70 6
62 70 4
63 70 4
64 70 2
65 70 3
68 70 6
69 70 6
70 70 34
71 70 23
83 70 1
92 70 1
93 70 2
110 70 2
116 70 1
118 70 1
122 70 18
9 71 2
10 71 2
20 71 3
22 71 4
23 71 2
24 71 6
25 71 28
26 71 2
27 71 1
28 71 2
30 71 1
35 71 1
39 71 1
42 71 2
49 71 2
59 71 13
60 71 2
64 71 2
65 71 1
67 71 1
68 71 18
69 71 16
70 71 26
71 71 56
116 71 12
122 71 88
18 72 1
72 72 2
123 72 4
1 73 1
6 73 1
21 73 1
26 73 1
36 73 1
44 73 1
60 73 1
78 73 1
107 73 2
110 73 4
113 73 1
115 73 2
25 74 2
76 74 1
15 75 1
27 75 1
34 75 1
62 75 1
63 75 1
109 75 1
112 75 1
119 75 1
13 76 1
15 76 2
20 76 1
25 76 1
28 76 2
35 76 1
52 76 2
57 76 1
75 76 1
76 76 2
100 76 2
77 77 1
137 77 5
1 78 2
48 78 1
69 78 2
108 78 1
117 78 2
121 78 2
134 78 1
6 79 1
121 79 1
48 80 6
13 81 1
9 82 1
36 82 1
38 82 1
40 82 1
58 82 1
82 82 4
87 82 1
113 82 1
137 82 1
4 83 1
16 83 1
17 83 2
29 83 2
30 83 1
58 83 1
66 83 1
73 83 1
83 83 1
112 83 1
113 83 1
4 84 1
9 84 2
10 84 2
15 84 1
16 84 1
21 84 1
27 84 2
34 84 3
38 84 1
39 84 1
42 84 2
124 84 1
4 85 2
6 85 1
10 85 2
16 85 2
26 85 1
36 85 2
40 85 1
41 85 2
43 85 1
62 85 1
65 85 1
66 85 1
85 85 5
91 85 1
114 85 1
89 86 3
94 86 1
1 87 3
82 87 2
87 87 1
108 87 1
116 87 1
123 87 1
133 87 1
1 88 2
7 88 1
72 88 1
88 88 1
100 88 1
117 88 1
120 88 1
125 88 1
1 89 1
49 89 1
56 89 1
69 89 1
72 89 1
77 89 1
87 89 1
107 89 2
108 89 1
121 89 1
4 90 1
7 90 3
9 90 12
10 90 1
20 90 10
22 90 2
25 90 4
26 90 1
27 90 1
36 90 1
39 90 2
41 90 1
45 90 1
55 90 1
59 90 1
60 90 1
65 90 2
69 90 7
70 90 4
90 90 2
113 90 1
114 90 4
122 90 5
124 90 2
137 90 1
3 91 2
10 91 1
15 91 1
21 91 2
22 91 1
26 91 1
27 91 2
36 91 1
41 91 2
43 91 1
59 91 2
75 91 1
85 91 2
90 91 2
91 91 1
92 91 4
15 92 2
16 92 15
17 92 1
27 92 1
28 92 3
42 92 1
59 92 1
67 92 1
85 92 1
92 92 1
106 92 1
112 92 1
1 93 1
25 93 1
26 93 1
27 93 1
28 93 1
31 93 1
45 93 1
54 93 1
61 93 1
63 93 5
65 93 1
70 93 2
76 93 9
98 93 1
103 93 1
138 93 2
10 94 1
16 94 1
23 94 1
27 94 1
28 94 1
30 94 1
36 94 1
48 94 1
65 94 1
6 95 1
7 95 3
8 95 1
15 95 1
27 95 2
45 95 3
53 95 1
58 95 2
95 95 1
118 95 1
120 95 1
140 95 1
7 96 1
11 96 2
20 96 2
36 96 1
38 96 2
44 96 3
45 96 5
46 96 3
53 96 1
95 96 1
96 96 1
100 96 1
102 96 3
138 96 2
4 97 1
7 97 2
10 97 1
13 97 1
14 97 3
15 97 1
21 97 2
31 97 1
36 97 1
38 97 1
39 97 3
45 97 4
50 97 1
55 97 1
56 97 1
57 97 2
60 97 1
70 97 3
97 97 3
110 97 1
7 98 1
11 98 2
15 98 2
21 98 1
26 98 2
29 98 3
36 98 1
54 98 4
57 98 1
82 98 1
84 98 1
86 98 1
98 98 12
108 98 1
110 98 1
116 98 2
125 98 1
15 99 2
27 99 1
49 99 1
69 99 1
90 99 1
21 100 1
24 100 1
36 100 1
46 100 1
76 100 1
79 100 1
94 100 1
98 100 1
99 100 1
119 100 1
9 101 1
15 101 1
18 101 2
22 101 1
23 101 1
27 101 1
38 101 1
41 101 1
45 101 6
48 101 1
55 101 1
65 101 1
70 101 1
79 101 2
96 101 1
101 101 9
103 101 2
131 101 1
7 102 1
8 102 1
44 102 1
45 102 4
66 102 1
69 102 4
72 102 2
82 102 1
96 102 1
102 102 6
110 102 2
2 103 1
6 103 2
22 103 2
23 103 1
28 103 1
47 103 1
53 103 1
54 103 1
58 103 1
76 103 1
78 103 1
79 103 1
90 103 1
94 103 4
102 103 1
103 103 5
120 103 1
123 103 2
47 104 1
49 104 1
76 104 1
137 104 1
43 105 1
50 105 2
52 105 2
76 105 3
86 105 1
103 105 1
105 105 3
108 105 1
121 105 1
6 106 2
9 106 4
10 106 1
21 106 2
25 106 2
26 106 1
27 106 1
30 106 1
36 106 3
39 106 3
43 106 1
56 106 2
62 106 3
74 106 1
98 106 2
106 106 1
110 106 1
115 106 1
17 107 1
38 107 1
39 107 1
42 107 1
43 107 1
45 107 2
47 107 1
51 107 1
58 107 1
73 107 1
86 107 1
87 107 2
89 107 1
109 107 1
111 107 1
1 108 1
3 108 1
5 108 1
21 108 1
45 108 1
55 108 1
92 108 1
94 108 1
111 108 2
1 109 2
6 109 1
7 109 1
20 109 5
26 109 1
39 109 1
45 109 2
54 109 1
56 109 1
103 109 1
109 109 2
114 109 1
137 109 2
1 110 1
6 110 4
7 110 1
9 110 1
11 110 3
14 110 5
16 110 1
37 110 1
38 110 1
39 110 1
41 110 1
44 110 1
45 110 3
54 110 3
57 110 1
59 110 2
72 110 1
73 110 2
76 110 2
77 110 1
78 110 7
82 110 1
89 110 2
90 110 1
96 110 1
99 110 1
100 110 1
101 110 2
104 110 1
107 110 1
109 110 1
110 110 6
113 110 1
124 110 1
125 110 6
137 110 5
138 110 2
1 111 4
3 111 1
20 111 2
36 111 1
48 111 1
49 111 2
50 111 1
87 111 2
88 111 1
108 111 3
110 111 3
2 112 2
4 112 1
9 112 1
10 112 2
12 112 2
13 112 1
15 112 2
16 112 5
23 112 1
26 112 10
27 112 1
29 112 1
31 112 6
42 112 1
43 112 1
58 112 2
60 112 1
63 112 1
64 112 4
92 112 1
94 112 1
112 112 2
113 112 1
3 113 1
6 113 1
10 113 1
11 113 1
12 113 2
13 113 1
15 113 4
16 113 9
17 113 1
23 113 1
26 113 6
27 113 2
28 113 1
30 113 1
32 113 1
34 113 1
40 113 1
42 113 3
44 113 1
45 113 2
55 113 3
58 113 1
59 113 2
62 113 2
67 113 6
68 113 2
69 113 4
76 113 2
90 113 1
91 113 2
110 113 1
112 113 1
113 113 4
116 113 3
120 113 2
124 113 1
125 113 2
138 113 1
15 114 1
36 114 1
43 114 2
45 114 1
47 114 1
58 114 1
97 114 1
137 114 1
138 114 1
9 115 2
35 115 1
36 115 1
45 115 2
59 115 1
107 115 1
119 115 1
130 115 2
140 115 1
4 116 2
11 116 1
12 116 1
20 116 2
25 116 4
26 116 1
27 116 1
30 116 1
34 116 1
61 116 1
63 116 2
65 116 1
67 116 1
68 116 1
69 116 3
71 116 4
112 116 1
116 116 7
122 116 6
6 117 1
16 117 1
45 117 1
52 117 1
59 117 1
63 117 3
76 117 2
80 117 1
94 117 1
95 117 2
103 117 2
118 117 1
44 118 1
45 118 1
48 118 1
56 118 1
89 118 1
123 118 1
125 118 2
1 119 2
9 119 1
18 119 1
72 119 1
78 119 1
1 120 1
16 120 1
28 120 1
43 120 1
48 120 4
63 120 1
76 120 1
79 120 1
91 120 1
93 120 1
99 120 1
100 120 1
2 121 3
4 121 1
10 121 5
11 121 14
14 121 3
16 121 4
18 121 2
20 121 15
23 121 3
24 121 1
25 121 12
26 121 2
27 121 1
28 121 2
32 121 2
35 121 1
41 121 2
55 121 1
59 121 3
60 121 1
65 121 3
68 121 16
69 121 28
70 121 15
71 121 49
98 121 1
106 121 1
116 121 6
122 121 86
9 122 1
72 122 2
78 122 4
89 122 1
100 122 1
9 123 5
10 123 4
18 123 1
35 123 1
54 123 1
55 123 1
106 123 1
108 123 1
124 123 2
7 124 2
11 124 2
14 124 1
20 124 7
21 124 1
31 124 1
32 124 1
41 124 4
45 124 4
59 124 1
60 124 4
70 124 1
71 124 2
73 124 1
82 124 1
90 124 6
91 124 4
93 124 1
95 124 2
98 124 2
104 124 1
110 124 2
118 124 1
120 124 1
125 124 5
129 125 1
45 126 1
129 126 1
85 127 1
1 128 1
135 128 1
86 129 1
77 130 1
126 130 1
36 131 1
103 131 1
133 131 1
115 132 1
136 132 1
3 133 1
4 133 1
7 133 2
9 133 2
16 133 1
21 133 1
28 133 1
31 133 1
36 133 1
38 133 2
39 133 1
43 133 2
45 133 4
51 133 1
53 133 1
54 133 1
56 133 1
58 133 1
66 133 1
73 133 1
91 133 1
97 133 1
106 133 1
109 133 2
110 133 1
113 133 1
114 133 2
137 133 2
9 134 1
18 134 1
26 134 2
45 134 2
56 134 1
58 134 1
78 134 1
91 134 1
97 134 4
110 134 1
114 134 1
138 134 1
36 135 1
120 135 2
139 135 3
141 136 1
