1 1 5
10 1 1
12 1 1
19 1 1
31 1 1
36 1 1
38 1 1
39 1 1
43 1 2
48 1 1
73 1 1
78 1 9
84 1 4
86 1 2
88 1 1
89 1 1
96 1 1
103 1 1
105 1 2
108 1 2
110 1 1
111 1 5
112 1 1
120 1 1
2 2 1
4 2 2
10 2 6
12 2 1
16 2 2
17 2 8
24 2 6
25 2 1
28 2 1
34 2 1
38 2 1
40 2 1
43 2 1
55 2 1
58 2 1
63 2 1
65 2 1
66 2 1
78 2 1
83 2 1
85 2 1
98 2 1
112 2 2
113 2 1
116 2 1
121 2 1
1 3 1
4 3 1
9 3 2
11 3 12
12 3 2
14 3 1
18 3 3
20 3 2
24 3 2
26 3 2
27 3 1
28 3 18
36 3 3
38 3 3
41 3 1
43 3 2
51 3 1
54 3 1
55 3 1
62 3 5
63 3 2
73 3 1
87 3 1
91 3 2
106 3 1
109 3 3
110 3 2
113 3 1
114 3 3
115 3 1
124 3 1
140 3 1
3 4 2
4 4 6
8 4 1
10 4 5
11 4 1
15 4 24
16 4 6
17 4 1
19 4 1
24 4 1
26 4 3
27 4 1
28 4 2
37 4 1
42 4 1
43 4 2
54 4 6
55 4 1
57 4 1
67 4 1
84 4 7
85 4 1
86 4 1
92 4 1
113 4 1
116 4 1
137 4 1
28 5 2
135 5 1
1 6 1
4 6 1
6 6 3
16 6 1
21 6 3
32 6 1
38 6 1
43 6 1
45 6 3
47 6 1
55 6 1
72 6 2
73 6 1
78 6 1
86 6 14
102 6 2
105 6 1
121 6 1
1 7 1
2 7 1
4 7 1
7 7 2
8 7 1
9 7 4
11 7 1
27 7 1
36 7 1
39 7 1
45 7 3
57 7 1
60 7 2
97 7 2
102 7 1
108 7 1
113 7 1
125 7 1
140 7 1
6 8 1
7 8 2
8 8 8
9 8 7
10 8 3
11 8 1
15 8 1
16 8 1
20 8 1
37 8 1
38 8 2
45 8 3
58 8 1
73 8 21
74 8 1
78 8 1
90 8 1
92 8 3
94 8 1
95 8 3
97 8 2
98 8 1
101 8 1
104 8 1
108 8 1
110 8 3
114 8 3
118 8 1
125 8 2
133 8 1
141 8 1
1 9 4
3 9 1
4 9 1
5 9 1
6 9 4
7 9 5
8 9 4
9 9 2
10 9 4
14 9 13
16 9 3
18 9 1
20 9 3
21 9 4
23 9 2
25 9 1
32 9 1
33 9 1
34 9 1
35 9 1
36 9 3
37 9 2
38 9 3
39 9 2
40 9 2
41 9 1
45 9 8
47 9 9
50 9 2
51 9 1
54 9 4
56 9 1
59 9 4
60 9 1
61 9 1
64 9 1
67 9 2
73 9 1
77 9 1
78 9 1
84 9 4
85 9 1
87 9 1
89 9 1
90 9 2
91 9 3
95 9 2
96 9 2
97 9 1
98 9 1
103 9 1
104 9 2
106 9 2
108 9 1
109 9 1
111 9 3
112 9 1
113 9 11
115 9 1
120 9 1
125 9 10
137 9 1
140 9 2
1 10 5
4 10 5
9 10 4
10 10 6
13 10 1
16 10 2
18 10 2
21 10 3
27 10 2
28 10 2
31 10 1
34 10 1
38 10 1
43 10 1
45 10 1
50 10 1
55 10 1
56 10 1
61 10 1
63 10 1
67 10 1
98 10 1
106 10 9
109 10 1
113 10 1
116 10 1
124 10 5
10 11 2
11 11 17
15 11 4
17 11 1
18 11 1
20 11 2
25 11 22
26 11 2
27 11 1
28 11 1
30 11 11
32 11 2
33 11 1
34 11 1
41 11 3
42 11 1
59 11 1
65 11 2
68 11 9
69 11 2
70 11 3
71 11 9
84 11 2
112 11 1
113 11 12
115 11 1
116 11 1
122 11 17
4 12 2
9 12 1
12 12 1
13 12 2
15 12 2
24 12 2
26 12 1
27 12 3
28 12 1
31 12 1
33 12 2
34 12 3
36 12 1
41 12 1
62 12 2
63 12 1
68 12 2
112 12 1
113 12 2
118 12 1
123 12 1
126 12 1
3 13 1
5 13 1
13 13 2
15 13 2
20 13 2
25 13 2
31 13 1
34 13 1
36 13 1
42 13 1
43 13 1
55 13 1
58 13 1
84 13 1
94 13 1
106 13 1
113 13 2
118 13 1
130 13 1
142 13 1
3 14 1
4 14 2
6 14 1
7 14 1
8 14 1
9 14 11
10 14 2
11 14 2
13 14 6
14 14 6
18 14 1
20 14 10
21 14 4
23 14 1
24 14 1
25 14 3
27 14 1
31 14 1
32 14 1
37 14 3
39 14 1
41 14 1
45 14 5
51 14 1
54 14 1
55 14 1
59 14 7
60 14 5
63 14 1
69 14 2
70 14 4
71 14 4
73 14 2
76 14 2
90 14 4
91 14 1
96 14 1
97 14 1
110 14 1
114 14 2
116 14 4
122 14 1
125 14 3
135 14 1
140 14 3
2 15 1
4 15 2
10 15 1
11 15 3
13 15 1
15 15 6
16 15 4
18 15 1
23 15 4
24 15 3
25 15 2
26 15 2
27 15 1
28 15 2
35 15 1
36 15 2
37 15 2
40 15 1
42 15 2
44 15 1
45 15 3
52 15 2
58 15 1
59 15 3
63 15 4
68 15 2
69 15 9
71 15 2
91 15 1
93 15 1
95 15 1
96 15 1
97 15 2
98 15 2
99 15 1
101 15 1
104 15 1
113 15 4
116 15 1
118 15 1
122 15 1
124 15 1
142 15 1
2 16 1
4 16 4
10 16 1
13 16 1
14 16 2
15 16 6
16 16 11
18 16 1
23 16 2
25 16 4
27 16 6
28 16 1
30 16 2
34 16 2
36 16 1
40 16 2
42 16 1
43 16 3
44 16 1
55 16 4
58 16 1
59 16 2
62 16 8
63 16 1
65 16 1
67 16 1
68 16 2
70 16 4
71 16 4
92 16 1
96 16 1
112 16 8
113 16 4
115 16 1
122 16 6
128 16 1
129 16 1
2 17 1
15 17 2
16 17 1
19 17 1
27 17 3
31 17 1
54 17 1
58 17 2
106 17 1
108 17 1
124 17 1
3 18 2
4 18 2
6 18 1
9 18 4
10 18 10
12 18 2
15 18 3
16 18 1
18 18 4
21 18 1
24 18 1
34 18 1
35 18 1
42 18 2
55 18 1
56 18 1
62 18 3
83 18 2
84 18 1
85 18 2
106 18 1
107 18 1
110 18 1
112 18 2
114 18 1
124 18 1
140 18 1
4 19 2
6 19 1
10 19 4
16 19 18
18 19 1
19 19 1
21 19 1
27 19 3
34 19 1
38 19 2
45 19 2
51 19 1
107 19 1
116 19 1
140 19 1
8 20 1
9 20 7
11 20 3
14 20 7
15 20 1
19 20 1
20 20 24
22 20 4
24 20 2
25 20 3
26 20 1
27 20 3
28 20 4
30 20 1
31 20 1
33 20 2
34 20 1
35 20 2
39 20 3
40 20 2
41 20 2
42 20 3
44 20 1
45 20 5
55 20 1
58 20 1
59 20 16
60 20 2
62 20 3
63 20 2
65 20 3
68 20 11
69 20 32
70 20 16
71 20 12
73 20 1
84 20 2
90 20 3
97 20 1
98 20 1
101 20 4
105 20 1
108 20 2
109 20 1
110 20 1
112 20 1
113 20 2
116 20 1
118 20 1
121 20 1
122 20 3
125 20 3
140 20 1
4 21 2
5 21 1
6 21 2
9 21 2
10 21 3
11 21 4
12 21 1
14 21 5
17 21 2
18 21 6
21 21 5
24 21 3
25 21 1
26 21 1
27 21 1
36 21 2
40 21 2
42 21 1
54 21 1
55 21 2
56 21 1
59 21 1
63 21 2
66 21 1
68 21 1
84 21 4
92 21 1
97 21 3
98 21 2
104 21 1
115 21 1
116 21 2
122 21 1
124 21 2
125 21 3
11 22 2
21 22 1
22 22 8
24 22 1
25 22 3
27 22 1
28 22 2
31 22 1
33 22 1
34 22 1
39 22 1
46 22 5
51 22 1
55 22 1
59 22 2
62 22 1
64 22 1
65 22 1
67 22 1
68 22 1
69 22 5
70 22 3
71 22 8
89 22 1
91 22 1
2 23 2
6 23 2
10 23 1
13 23 1
15 23 1
16 23 17
18 23 1
23 23 6
26 23 9
27 23 2
28 23 4
30 23 3
32 23 4
33 23 5
34 23 9
38 23 2
39 23 2
41 23 3
42 23 6
43 23 21
45 23 2
58 23 1
61 23 1
63 23 3
64 23 1
65 23 2
66 23 4
67 23 1
69 23 3
83 23 1
85 23 1
90 23 1
92 23 1
100 23 1
101 23 1
112 23 7
113 23 2
116 23 4
11 24 2
13 24 3
16 24 12
20 24 1
23 24 1
24 24 6
25 24 1
26 24 4
27 24 14
28 24 3
29 24 1
30 24 1
34 24 2
36 24 1
41 24 1
42 24 4
45 24 2
54 24 1
61 24 3
62 24 1
64 24 5
65 24 2
67 24 2
68 24 7
69 24 9
70 24 4
71 24 9
83 24 1
85 24 5
98 24 4
116 24 1
121 24 2
122 24 9
133 24 1
1 25 1
2 25 1
4 25 1
6 25 1
11 25 11
13 25 1
15 25 1
16 25 2
17 25 1
18 25 2
20 25 2
21 25 6
22 25 1
23 25 3
25 25 23
26 25 6
27 25 1
28 25 1
30 25 1
36 25 4
40 25 3
42 25 2
43 25 1
59 25 5
64 25 2
65 25 8
67 25 1
68 25 6
69 25 22
70 25 6
71 25 19
76 25 1
77 25 1
110 25 1
116 25 7
122 25 19
4 26 1
11 26 1
15 26 1
16 26 2
17 26 2
23 26 2
25 26 4
26 26 4
27 26 2
28 26 1
29 26 1
33 26 1
34 26 2
42 26 6
45 26 1
59 26 1
61 26 1
62 26 2
63 26 1
68 26 1
69 26 3
70 26 3
74 26 1
78 26 9
112 26 5
113 26 1
122 26 4
2 27 2
3 27 2
4 27 1
10 27 3
14 27 1
15 27 3
16 27 10
17 27 1
19 27 1
23 27 2
25 27 1
27 27 12
34 27 2
36 27 1
42 27 5
43 27 3
44 27 1
45 27 4
47 27 1
58 27 1
62 27 14
63 27 3
69 27 7
70 27 1
73 27 1
83 27 1
85 27 3
103 27 1
107 27 1
112 27 2
113 27 2
115 27 1
116 27 2
122 27 1
136 27 1
140 27 2
1 28 1
3 28 1
4 28 3
10 28 5
12 28 1
13 28 5
16 28 6
18 28 1
21 28 1
23 28 2
26 28 3
28 28 5
31 28 1
34 28 2
35 28 1
36 28 1
42 28 8
45 28 1
47 28 1
55 28 1
67 28 3
85 28 2
98 28 1
99 28 1
101 28 1
103 28 2
106 28 1
112 28 2
113 28 2
118 28 1
10 29 9
12 29 1
14 29 1
15 29 2
16 29 2
24 29 4
26 29 1
28 29 1
30 29 3
36 29 1
39 29 1
61 29 1
65 29 1
68 29 1
69 29 2
70 29 2
112 29 3
4 30 2
10 30 1
11 30 5
13 30 1
15 30 3
16 30 2
22 30 1
23 30 1
24 30 2
26 30 3
27 30 3
33 30 1
34 30 1
35 30 1
42 30 2
59 30 5
61 30 2
68 30 4
69 30 8
71 30 6
73 30 5
91 30 1
92 30 2
102 30 1
112 30 1
113 30 1
116 30 2
9 31 5
10 31 6
12 31 1
14 31 1
15 31 1
16 31 1
19 31 1
20 31 2
26 31 2
30 31 1
31 31 8
32 31 3
38 31 1
39 31 1
41 31 1
43 31 2
51 31 1
55 31 1
59 31 4
62 31 2
64 31 3
70 31 2
73 31 1
77 31 1
85 31 1
93 31 1
103 31 1
112 31 3
113 31 1
121 31 1
140 31 2
2 32 1
9 32 1
11 32 1
12 32 1
13 32 18
16 32 1
20 32 3
23 32 2
24 32 2
25 32 2
26 32 2
28 32 2
29 32 4
30 32 1
31 32 1
32 32 6
34 32 1
45 32 1
51 32 1
52 32 1
59 32 5
62 32 2
63 32 1
65 32 3
69 32 6
75 32 1
90 32 2
91 32 1
103 32 3
109 32 2
112 32 3
116 32 1
10 33 1
11 33 1
15 33 5
16 33 6
23 33 2
26 33 6
27 33 1
28 33 2
34 33 2
35 33 1
62 33 1
63 33 1
64 33 1
67 33 3
122 33 1
2 34 1
11 34 4
16 34 2
23 34 1
26 34 9
28 34 1
34 34 2
42 34 1
45 34 1
59 34 2
69 34 2
83 34 1
93 34 1
112 34 1
121 34 1
124 34 1
1 35 1
2 35 4
3 35 1
11 35 1
12 35 1
13 35 1
14 35 1
16 35 1
17 35 3
18 35 1
25 35 4
27 35 1
28 35 1
30 35 1
35 35 6
37 35 2
39 35 1
55 35 2
62 35 1
63 35 1
65 35 2
71 35 1
81 35 1
110 35 1
116 35 2
122 35 3
140 35 1
1 36 2
3 36 3
4 36 1
7 36 1
10 36 1
12 36 1
13 36 1
15 36 1
16 36 2
21 36 2
22 36 1
23 36 1
30 36 1
36 36 8
38 36 5
39 36 1
43 36 2
45 36 1
51 36 1
54 36 1
59 36 6
61 36 1
63 36 1
64 36 1
68 36 3
70 36 1
71 36 1
78 36 1
86 36 1
88 36 1
90 36 2
97 36 2
98 36 1
106 36 2
107 36 2
110 36 2
111 36 1
112 36 1
113 36 2
121 36 1
140 36 1
3 37 2
9 37 5
14 37 4
20 37 1
31 37 2
39 37 1
44 37 2
87 37 1
90 37 3
97 37 1
104 37 1
109 37 1
113 37 1
114 37 1
124 37 2
1 38 6
6 38 2
7 38 1
9 38 1
10 38 3
14 38 2
15 38 2
16 38 1
17 38 1
18 38 1
19 38 1
21 38 3
23 38 2
36 38 5
39 38 1
43 38 2
45 38 2
65 38 1
84 38 1
89 38 1
101 38 1
110 38 3
116 38 1
124 38 3
140 38 3
3 39 1
4 39 1
6 39 1
7 39 1
8 39 1
9 39 8
10 39 1
14 39 3
20 39 3
27 39 1
31 39 1
32 39 1
36 39 1
39 39 6
41 39 1
45 39 1
50 39 1
55 39 1
59 39 2
60 39 1
67 39 1
69 39 2
71 39 2
73 39 1
78 39 4
85 39 2
89 39 1
90 39 1
96 39 1
105 39 1
113 39 1
124 39 1
4 40 1
6 40 3
10 40 1
16 40 1
20 40 1
21 40 1
26 40 1
28 40 2
37 40 1
40 40 8
44 40 1
69 40 2
88 40 3
89 40 1
92 40 1
98 40 2
108 40 1
112 40 1
124 40 2
140 40 1
3 41 3
8 41 2
9 41 2
10 41 9
11 41 1
16 41 2
21 41 1
23 41 9
24 41 3
27 41 1
32 41 2
35 41 2
37 41 1
41 41 10
42 41 2
44 41 3
45 41 1
51 41 5
60 41 1
61 41 1
62 41 1
67 41 1
85 41 4
91 41 2
100 41 1
113 41 5
116 41 2
122 41 1
125 41 4
140 41 11
2 42 1
4 42 1
10 42 3
13 42 1
16 42 2
18 42 1
21 42 1
26 42 1
27 42 3
28 42 2
29 42 1
31 42 1
34 42 2
39 42 1
42 42 6
43 42 2
47 42 1
55 42 1
62 42 1
63 42 2
66 42 2
69 42 3
94 42 1
98 42 1
112 42 4
113 42 3
122 42 2
123 42 1
124 42 1
125 42 1
4 43 2
6 43 3
12 43 1
14 43 1
15 43 5
25 43 1
26 43 1
27 43 1
31 43 1
36 43 3
42 43 3
43 43 3
45 43 1
47 43 1
55 43 3
58 43 2
85 43 3
106 43 1
124 43 3
10 44 1
16 44 1
20 44 3
27 44 1
28 44 1
34 44 1
44 44 4
45 44 4
48 44 2
52 44 1
67 44 2
76 44 1
81 44 2
100 44 1
101 44 1
103 44 1
113 44 3
114 44 1
121 44 2
124 44 1
1 45 1
4 45 3
6 45 2
7 45 3
8 45 3
9 45 28
14 45 1
16 45 1
18 45 4
20 45 6
21 45 2
24 45 3
26 45 2
27 45 1
31 45 5
33 45 1
36 45 2
37 45 5
42 45 11
43 45 3
45 45 16
47 45 1
48 45 1
49 45 2
51 45 2
52 45 2
53 45 2
54 45 1
55 45 1
56 45 3
57 45 3
58 45 1
59 45 5
60 45 1
62 45 1
68 45 5
70 45 3
75 45 1
76 45 1
77 45 1
78 45 1
79 45 1
87 45 1
91 45 1
92 45 3
93 45 1
94 45 5
95 45 4
96 45 3
97 45 1
98 45 2
101 45 2
103 45 3
104 45 1
105 45 2
106 45 1
112 45 2
113 45 8
117 45 1
118 45 1
120 45 1
123 45 1
140 45 9
141 45 1
20 46 1
43 46 1
48 46 1
76 46 1
78 46 1
86 46 1
87 46 1
105 46 1
6 47 3
16 47 1
27 47 1
47 47 1
51 47 1
76 47 1
78 47 1
88 47 1
100 47 1
110 47 1
113 47 1
121 47 1
42 48 1
46 48 1
48 48 3
50 48 1
56 48 1
61 48 1
76 48 1
78 48 7
105 48 1
139 48 1
1 49 2
10 49 1
46 49 1
49 49 3
52 49 1
56 49 4
69 49 1
71 49 1
77 49 1
78 49 4
86 49 1
88 49 1
99 49 1
102 49 1
105 49 1
123 49 5
13 50 1
50 50 1
56 50 1
88 50 1
3 51 1
9 51 1
10 51 1
14 51 1
18 51 2
21 51 1
28 51 1
36 51 2
42 51 1
51 51 3
55 51 2
58 51 1
63 51 3
67 51 1
89 51 2
90 51 1
101 51 1
109 51 1
111 51 1
113 51 1
124 51 3
125 51 3
138 51 1
140 51 1
1 52 1
6 52 1
12 52 1
15 52 1
27 52 4
28 52 6
33 52 1
34 52 1
36 52 1
42 52 14
47 52 1
48 52 1
57 52 1
66 52 1
76 52 1
85 52 3
88 52 1
96 52 1
101 52 3
105 52 1
112 52 1
118 52 1
123 52 2
7 53 1
9 53 2
21 53 1
44 53 2
45 53 1
48 53 1
52 53 1
110 53 2
118 53 2
137 53 1
141 53 1
2 54 1
3 54 1
4 54 4
10 54 1
12 54 1
15 54 1
18 54 2
27 54 2
28 54 2
34 54 3
36 54 2
38 54 1
42 54 2
43 54 6
52 54 15
54 54 5
58 54 1
62 54 1
63 54 1
73 54 1
78 54 1
85 54 1
88 54 1
110 54 1
140 54 1
3 55 1
4 55 2
13 55 3
15 55 2
16 55 2
17 55 2
20 55 2
21 55 1
22 55 1
24 55 1
27 55 2
28 55 4
52 55 1
58 55 2
85 55 2
90 55 2
91 55 1
103 55 2
107 55 1
112 55 1
7 56 2
18 56 1
38 56 1
46 56 1
50 56 1
56 56 1
89 56 1
121 56 2
125 56 1
140 56 1
10 57 1
14 57 2
18 57 4
21 57 1
26 57 1
27 57 1
43 57 1
45 57 2
46 57 1
47 57 3
51 57 2
80 57 1
93 57 1
97 57 1
104 57 2
115 57 1
4 58 2
8 58 2
9 58 4
10 58 3
15 58 2
17 58 3
20 58 1
26 58 1
27 58 1
28 58 4
36 58 2
40 58 1
42 58 1
43 58 10
51 58 1
57 58 1
58 58 1
59 58 3
62 58 2
63 58 2
82 58 1
83 58 1
85 58 9
91 58 1
102 58 1
107 58 2
112 58 3
113 58 4
114 58 1
124 58 1
128 58 1
1 59 1
3 59 1
4 59 1
6 59 1
7 59 2
9 59 2
14 59 7
15 59 1
18 59 1
20 59 10
21 59 1
24 59 4
26 59 3
27 59 1
28 59 1
29 59 2
30 59 1
31 59 1
34 59 1
36 59 2
39 59 9
41 59 4
43 59 7
44 59 1
45 59 9
54 59 1
55 59 2
58 59 2
59 59 18
60 59 5
62 59 1
63 59 2
64 59 4
66 59 1
68 59 4
69 59 20
70 59 13
71 59 3
82 59 2
85 59 1
90 59 5
91 59 1
92 59 1
107 59 4
110 59 2
111 59 1
112 59 1
113 59 3
115 59 1
119 59 1
122 59 5
125 59 5
140 59 2
1 60 3
4 60 1
9 60 1
11 60 1
12 60 2
15 60 3
16 60 1
23 60 2
24 60 1
25 60 2
39 60 1
41 60 2
48 60 2
53 60 2
58 60 1
60 60 4
62 60 1
65 60 1
68 60 2
69 60 12
70 60 6
71 60 1
106 60 1
109 60 1
116 60 1
2 61 1
4 61 1
10 61 3
14 61 1
15 61 1
24 61 2
26 61 1
30 61 1
33 61 1
42 61 1
63 61 3
69 61 4
83 61 1
94 61 2
112 61 2
113 61 1
2 62 1
10 62 3
12 62 2
13 62 2
15 62 1
16 62 9
20 62 2
21 62 1
26 62 5
39 62 2
42 62 3
52 62 1
62 62 2
63 62 1
65 62 1
67 62 3
76 62 6
77 62 1
85 62 1
110 62 1
112 62 2
125 62 1
2 63 1
4 63 1
5 63 2
9 63 1
12 63 3
16 63 3
26 63 2
27 63 4
28 63 1
29 63 1
31 63 1
33 63 2
35 63 1
36 63 1
37 63 1
38 63 13
41 63 1
42 63 7
44 63 1
45 63 3
48 63 1
54 63 1
61 63 1
63 63 8
64 63 1
67 63 3
69 63 1
76 63 1
101 63 3
112 63 1
113 63 1
116 63 4
118 63 2
11 64 3
12 64 1
13 64 1
14 64 1
16 64 1
24 64 1
25 64 1
26 64 10
28 64 1
33 64 1
34 64 1
43 64 1
64 64 1
68 64 2
69 64 2
83 64 1
84 64 3
94 64 2
98 64 1
100 64 1
112 64 1
116 64 3
11 65 2
12 65 1
15 65 1
23 65 2
26 65 2
27 65 41
29 65 3
32 65 1
35 65 2
59 65 3
60 65 1
65 65 5
68 65 4
69 65 7
70 65 3
71 65 9
84 65 1
98 65 2
101 65 4
112 65 7
122 65 3
2 66 1
10 66 2
23 66 1
26 66 2
27 66 3
30 66 1
35 66 1
42 66 3
66 66 1
69 66 1
85 66 1
113 66 2
122 66 2
4 67 1
10 67 1
16 67 3
24 67 2
25 67 1
28 67 7
38 67 1
44 67 3
45 67 2
58 67 1
62 67 1
63 67 2
67 67 6
69 67 5
70 67 1
71 67 1
113 67 8
116 67 2
122 67 2
59 68 1
66 68 1
68 68 19
69 68 2
70 68 3
71 68 9
122 68 4
11 69 1
14 69 1
16 69 3
20 69 12
22 69 4
23 69 2
24 69 3
25 69 8
26 69 1
27 69 3
30 69 1
31 69 2
32 69 1
39 69 3
45 69 2
59 69 4
60 69 1
63 69 1
64 69 2
65 69 7
68 69 7
69 69 64
70 69 17
71 69 96
91 69 1
112 69 1
113 69 1
122 69 38
124 69 1
9 70 1
11 70 6
16 70 1
20 70 18
22 70 2
25 70 5
32 70 2
41 70 4
43 70 1
44 70 1
55 70 2
59 70 22
60 70 5
63 70 3
64 70 1
65 70 5
66 70 1
68 70 14
69 70 12
70 70 44
71 70 30
90 70 7
110 70 2
112 70 6
113 70 2
116 70 2
121 70 1
122 70 23
2 71 2
11 71 7
15 71 1
16 71 1
18 71 1
20 71 12
24 71 10
25 71 17
28 71 1
29 71 2
30 71 2
31 71 3
32 71 2
35 71 2
39 71 2
42 71 1
55 71 1
59 71 9
60 71 1
65 71 2
67 71 1
68 71 11
69 71 10
70 71 17
71 71 46
122 71 94
86 72 1
87 72 2
123 72 2
3 73 1
5 73 1
8 73 1
21 73 1
23 73 1
27 73 1
30 73 1
43 73 1
45 73 1
58 73 1
62 73 1
73 73 1
103 73 1
108 73 1
110 73 1
116 73 1
120 73 1
130 73 1
140 73 1
10 74 2
70 74 2
74 74 4
90 74 1
109 74 2
15 75 1
27 75 1
42 75 1
45 75 2
75 75 1
6 76 2
10 76 1
13 76 3
15 76 1
16 76 1
28 76 4
45 76 3
47 76 1
54 76 1
57 76 1
63 76 1
93 76 1
94 76 3
100 76 2
101 76 1
103 76 1
118 76 1
121 76 1
15 77 1
42 77 1
57 77 1
77 77 1
121 77 1
1 78 2
48 78 1
78 78 5
88 78 1
106 78 1
117 78 1
121 78 1
1 79 1
13 79 1
46 79 2
76 79 4
78 79 1
121 79 2
140 79 2
46 80 1
47 80 1
48 80 4
52 80 1
121 80 1
9 81 1
45 81 2
67 81 1
81 81 1
108 81 1
25 82 1
41 82 2
47 82 8
57 82 1
73 82 1
82 82 3
87 82 3
109 82 1
140 82 1
4 83 1
27 83 1
34 83 1
55 83 2
62 83 4
64 83 1
71 83 2
83 83 1
112 83 2
113 83 1
122 83 1
1 84 1
4 84 3
6 84 1
8 84 1
13 84 3
15 84 1
26 84 1
27 84 3
37 84 1
42 84 3
43 84 2
57 84 1
84 84 1
112 84 3
124 84 1
125 84 1
2 85 1
3 85 1
10 85 1
43 85 2
55 85 1
83 85 2
84 85 1
85 85 1
124 85 1
6 86 4
48 86 1
86 86 1
94 86 4
108 86 1
1 87 1
10 87 1
55 87 1
72 87 3
78 87 1
87 87 1
89 87 1
108 87 1
123 87 1
1 88 9
5 88 1
14 88 2
27 88 1
39 88 1
45 88 1
46 88 1
55 88 1
56 88 2
72 88 3
78 88 14
83 88 1
88 88 3
89 88 1
99 88 1
100 88 1
105 88 1
109 88 1
111 88 1
1 89 2
10 89 1
26 89 1
45 89 2
46 89 1
51 89 1
55 89 2
59 89 2
83 89 1
88 89 1
89 89 1
99 89 1
113 89 1
114 89 1
119 89 1
123 89 2
6 90 1
9 90 4
14 90 2
20 90 6
21 90 1
23 90 1
25 90 1
31 90 1
36 90 4
38 90 4
39 90 2
41 90 3
59 90 2
60 90 3
69 90 5
70 90 3
85 90 1
90 90 2
95 90 1
97 90 1
118 90 1
122 90 2
140 90 1
3 91 2
10 91 3
13 91 1
14 91 1
15 91 2
16 91 1
18 91 1
20 91 3
21 91 1
38 91 2
39 91 1
42 91 1
43 91 8
54 91 1
58 91 1
59 91 1
65 91 1
67 91 1
70 91 1
73 91 1
85 91 2
91 91 3
92 91 4
114 91 3
125 91 1
135 91 3
4 92 2
9 92 1
10 92 3
12 92 1
15 92 3
21 92 1
25 92 1
27 92 1
28 92 2
33 92 1
36 92 1
42 92 3
43 92 1
59 92 1
60 92 1
67 92 1
85 92 4
90 92 1
92 92 2
2 93 1
10 93 2
11 93 1
15 93 2
21 93 2
22 93 1
27 93 1
28 93 1
37 93 1
42 93 1
45 93 1
48 93 1
49 93 1
62 93 1
74 93 2
77 93 1
101 93 1
103 93 1
118 93 1
10 94 1
19 94 1
36 94 3
40 94 2
42 94 1
47 94 1
57 94 3
62 94 1
65 94 1
78 94 1
94 94 2
110 94 1
9 95 5
37 95 1
45 95 1
95 95 2
96 95 2
97 95 7
102 95 1
103 95 1
113 95 1
25 96 1
28 96 1
45 96 1
48 96 1
52 96 1
59 96 1
60 96 1
63 96 1
84 96 1
93 96 1
96 96 6
141 96 2
4 97 1
7 97 2
8 97 3
9 97 1
10 97 1
14 97 8
15 97 1
16 97 1
17 97 2
20 97 2
35 97 1
36 97 6
39 97 2
42 97 1
45 97 1
47 97 1
50 97 1
54 97 1
56 97 1
57 97 1
60 97 1
94 97 1
97 97 3
110 97 1
112 97 1
113 97 1
120 97 1
141 97 1
4 98 1
9 98 1
15 98 1
21 98 1
24 98 1
29 98 3
69 98 1
98 98 3
101 98 1
106 98 1
115 98 2
140 98 1
9 99 1
86 99 1
99 99 1
103 99 1
121 99 1
18 100 1
19 100 1
21 100 1
28 100 1
42 100 1
44 100 1
49 100 1
55 100 1
76 100 4
82 100 1
99 100 1
102 100 1
104 100 1
109 100 1
118 100 1
123 100 1
9 101 8
15 101 4
16 101 1
18 101 1
21 101 1
24 101 1
27 101 1
33 101 1
36 101 2
40 101 2
42 101 3
44 101 4
45 101 9
48 101 2
52 101 1
53 101 4
54 101 2
60 101 1
63 101 1
64 101 1
65 101 2
67 101 1
76 101 1
84 101 1
85 101 2
96 101 1
99 101 1
101 101 6
103 101 3
105 101 1
113 101 1
125 101 1
135 101 1
140 101 2
141 101 1
6 102 1
9 102 1
44 102 1
45 102 3
96 102 2
101 102 1
102 102 3
119 102 1
16 103 1
22 103 1
28 103 3
49 103 4
52 103 2
70 103 1
73 103 1
85 103 1
86 103 1
94 103 8
100 103 1
101 103 1
103 103 2
106 103 2
121 103 1
123 103 34
104 104 1
110 104 1
124 104 1
18 105 1
50 105 2
121 105 2
3 106 2
9 106 2
10 106 2
14 106 1
17 106 1
18 106 1
20 106 7
24 106 1
26 106 1
36 106 1
38 106 2
40 106 1
43 106 1
54 106 3
59 106 2
67 106 2
78 106 1
90 106 1
103 106 1
106 106 1
110 106 1
111 106 2
1 107 2
7 107 1
9 107 2
14 107 1
17 107 2
18 107 1
19 107 1
39 107 2
43 107 1
50 107 1
51 107 1
73 107 2
87 107 1
92 107 1
98 107 1
107 107 1
109 107 2
114 107 1
115 107 1
125 107 4
143 107 1
1 108 2
3 108 1
9 108 1
38 108 2
42 108 1
73 108 1
89 108 1
108 108 1
135 108 1
140 108 1
1 109 1
6 109 1
8 109 1
14 109 1
20 109 1
28 109 2
38 109 1
45 109 1
56 109 3
59 109 1
60 109 1
73 109 1
74 109 1
78 109 1
85 109 1
89 109 1
108 109 1
109 109 3
120 109 1
125 109 1
140 109 11
141 109 1
1 110 4
2 110 1
6 110 3
7 110 2
8 110 1
10 110 1
14 110 1
17 110 1
22 110 1
23 110 1
28 110 1
36 110 2
39 110 2
40 110 1
42 110 1
45 110 9
47 110 1
54 110 1
57 110 2
60 110 2
69 110 1
73 110 7
78 110 18
86 110 1
87 110 4
96 110 1
97 110 1
101 110 1
106 110 16
107 110 1
110 110 3
113 110 41
116 110 1
124 110 1
140 110 3
141 110 1
1 111 5
51 111 2
72 111 2
78 111 2
87 111 1
105 111 1
111 111 2
123 111 1
2 112 3
3 112 1
4 112 4
6 112 1
10 112 7
11 112 1
12 112 2
13 112 1
15 112 2
16 112 11
17 112 1
20 112 3
21 112 1
23 112 2
26 112 16
27 112 2
28 112 2
35 112 1
38 112 1
41 112 1
42 112 6
48 112 1
64 112 5
67 112 2
69 112 1
96 112 1
112 112 3
113 112 1
116 112 2
3 113 2
4 113 5
10 113 4
12 113 3
13 113 1
14 113 1
15 113 4
16 113 16
17 113 6
18 113 1
20 113 9
21 113 1
23 113 3
27 113 3
32 113 1
38 113 1
40 113 3
41 113 2
42 113 6
44 113 1
45 113 2
47 113 1
53 113 1
54 113 1
58 113 1
59 113 4
61 113 2
62 113 3
63 113 3
64 113 1
65 113 4
66 113 1
67 113 2
76 113 2
90 113 2
102 113 1
110 113 2
112 113 1
113 113 8
116 113 1
118 113 1
121 113 3
125 113 1
143 113 1
1 114 2
6 114 1
8 114 1
9 114 2
11 114 1
16 114 1
21 114 1
28 114 1
38 114 1
39 114 2
42 114 1
54 114 5
55 114 1
56 114 1
73 114 4
85 114 1
96 114 1
97 114 1
114 114 10
115 114 1
140 114 1
1 115 1
4 115 1
9 115 1
10 115 1
57 115 1
115 115 2
134 115 1
139 115 1
9 116 1
10 116 5
11 116 2
12 116 1
15 116 1
16 116 1
18 116 2
20 116 1
23 116 1
25 116 4
26 116 4
30 116 1
32 116 1
36 116 1
40 116 2
41 116 1
45 116 5
64 116 1
84 116 5
87 116 1
98 116 2
106 116 1
107 116 1
116 116 2
125 116 5
117 117 1
119 117 1
2 118 1
6 118 4
8 118 1
10 118 1
12 118 2
15 118 2
16 118 2
21 118 1
28 118 3
39 118 2
41 118 1
43 118 2
45 118 3
49 118 1
53 118 4
58 118 1
63 118 3
70 118 1
74 118 1
78 118 1
84 118 1
96 118 1
98 118 3
103 118 1
113 118 1
1 119 1
6 119 1
48 119 1
77 119 1
78 119 1
105 119 1
110 119 1
113 119 1
121 119 2
140 119 1
1 120 2
6 120 1
10 120 1
11 120 1
16 120 3
48 120 1
54 120 1
56 120 1
58 120 1
63 120 1
75 120 1
78 120 2
89 120 1
114 120 1
143 120 1
1 121 2
6 121 1
12 121 1
15 121 4
16 121 7
20 121 1
21 121 1
44 121 1
48 121 1
49 121 1
56 121 1
63 121 11
67 121 2
69 121 1
78 121 4
79 121 1
93 121 1
100 121 1
105 121 1
112 121 3
117 121 1
118 121 1
119 121 1
120 121 1
121 121 6
9 122 1
11 122 9
14 122 1
16 122 1
20 122 5
22 122 4
24 122 2
25 122 27
27 122 1
32 122 2
33 122 2
36 122 1
41 122 2
42 122 1
43 122 1
52 122 1
54 122 1
59 122 5
64 122 4
65 122 2
67 122 1
68 122 20
69 122 18
70 122 9
71 122 33
83 122 2
100 122 2
116 122 5
122 122 85
48 123 1
72 123 1
78 123 1
4 124 2
8 124 1
9 124 2
10 124 3
13 124 1
14 124 1
15 124 1
16 124 1
17 124 2
21 124 4
26 124 1
27 124 1
28 124 1
38 124 1
39 124 1
41 124 1
42 124 1
45 124 5
87 124 1
89 124 1
106 124 1
113 124 3
124 124 6
140 124 1
1 125 1
4 125 1
5 125 2
8 125 4
9 125 4
14 125 5
20 125 2
21 125 2
26 125 1
28 125 1
31 125 1
32 125 1
39 125 1
41 125 1
42 125 2
45 125 2
48 125 1
56 125 1
58 125 1
59 125 4
70 125 1
71 125 2
72 125 1
73 125 2
86 125 1
90 125 3
98 125 1
106 125 1
107 125 1
110 125 1
112 125 1
125 125 4
140 125 1
114 126 2
1 127 14
39 127 2
143 127 1
14 128 1
63 128 1
78 128 1
137 128 1
108 129 1
131 129 1
56 130 1
72 130 1
21 131 1
78 131 1
136 131 1
13 132 1
56 132 1
126 132 1
128 132 1
1 133 1
54 133 1
56 133 3
85 133 4
134 133 1
135 133 1
21 134 1
127 134 1
128 134 1
135 134 1
4 135 1
108 135 1
130 135 1
138 135 1
69 136 2
1 137 1
36 137 1
63 137 1
135 137 1
137 137 1
138 137 1
88 138 1
132 138 2
9 139 4
16 139 2
18 139 1
20 139 1
28 139 1
34 139 1
36 139 3
37 139 1
38 139 2
39 139 3
42 139 1
43 139 11
45 139 4
51 139 5
53 139 1
54 139 1
56 139 1
59 139 1
65 139 1
78 139 1
85 139 1
91 139 2
92 139 1
97 139 1
109 139 1
110 139 1
113 139 2
114 139 9
124 139 1
140 139 2
3 140 1
7 140 2
18 140 1
31 140 1
32 140 1
37 140 2
38 140 1
45 140 1
48 140 1
54 140 1
91 140 1
96 140 1
97 140 1
109 140 2
114 140 4
20 141 1
142 141 1
143 142 4
