58 1 2
70 1 1
78 1 3
79 1 27
80 1 10
98 1 4
99 1 1
101 1 3
105 1 1
108 1 1
113 1 2
120 1 1
123 1 2
2 2 1
4 2 1
17 2 3
26 2 18
30 2 1
34 2 16
42 2 1
59 2 6
60 2 5
61 2 4
64 2 1
3 3 1
9 3 1
28 3 3
39 3 1
41 3 2
57 3 1
58 3 2
59 3 3
60 3 2
93 3 3
96 3 3
102 3 1
103 3 3
126 3 1
4 4 1
15 4 1
17 4 1
26 4 4
34 4 2
40 4 4
51 4 1
53 4 1
55 4 1
56 4 4
97 4 1
102 4 10
103 4 1
8 5 1
114 5 1
17 6 1
40 6 1
47 6 1
51 6 2
62 6 1
71 6 2
73 6 1
75 6 2
7 7 3
100 7 6
123 7 1
75 8 1
7 9 51
8 9 4
9 9 1
57 9 3
58 9 1
72 9 2
74 9 1
75 9 27
83 9 1
87 9 1
94 9 2
101 9 11
105 9 1
113 9 2
3 10 2
43 10 1
55 10 1
59 10 1
60 10 10
62 10 2
84 10 19
96 10 5
102 10 1
111 10 2
114 10 1
3 11 25
17 11 1
25 11 1
27 11 3
29 11 3
42 11 1
47 11 1
53 11 2
76 11 1
93 11 5
104 11 1
13 12 1
26 12 7
34 12 1
40 12 9
59 12 1
60 12 1
61 12 21
79 12 8
102 12 1
103 12 1
3 13 1
4 13 1
5 13 1
14 13 4
15 13 1
34 13 1
62 13 2
63 13 6
103 13 20
111 13 1
14 14 2
41 14 1
82 14 1
85 14 1
86 14 1
110 14 2
15 15 1
26 15 1
34 15 2
43 15 8
91 15 1
93 15 1
102 15 2
127 15 1
3 16 4
6 16 1
10 16 1
14 16 2
16 16 1
18 16 5
26 16 1
27 16 13
28 16 2
29 16 2
30 16 2
33 16 1
34 16 7
39 16 10
43 16 5
44 16 1
47 16 2
59 16 2
60 16 3
61 16 7
63 16 1
93 16 2
95 16 2
102 16 2
103 16 25
104 16 4
108 16 3
111 16 9
119 16 1
123 16 2
28 17 6
60 17 1
61 17 1
78 17 1
103 17 12
12 18 17
18 18 1
25 18 5
26 18 18
29 18 3
60 18 1
63 18 1
93 18 1
101 18 1
4 19 15
19 19 1
96 19 1
20 20 1
27 20 1
32 20 1
57 20 4
58 20 1
14 21 3
34 21 1
41 21 2
56 21 1
62 21 1
63 21 2
102 21 1
103 21 10
11 22 1
22 22 4
34 22 1
102 22 1
34 23 4
26 24 2
41 24 1
76 24 1
2 25 1
11 25 2
13 25 1
16 25 1
27 25 1
29 25 49
30 25 2
41 25 1
59 25 2
106 25 2
112 25 1
26 26 4
34 26 11
45 26 1
60 26 1
87 26 1
102 26 26
114 26 1
15 27 1
23 27 3
26 27 2
27 27 2
29 27 4
59 27 2
65 27 1
67 27 1
82 27 1
84 27 1
97 27 1
103 27 1
108 27 1
114 27 10
10 28 1
12 28 1
16 28 6
19 28 1
28 28 3
30 28 2
31 28 12
33 28 1
34 28 2
37 28 1
42 28 4
51 28 3
53 28 1
59 28 13
65 28 4
66 28 1
69 28 6
72 28 4
73 28 1
114 28 4
26 29 1
29 29 5
33 29 1
2 30 1
11 30 1
29 30 4
30 30 3
59 30 28
31 31 1
108 31 1
32 32 3
68 32 1
59 33 1
23 34 2
28 34 1
34 34 1
38 34 1
27 35 4
29 35 5
30 35 3
59 35 40
62 35 17
72 35 2
102 35 1
4 36 1
24 36 1
25 36 1
36 36 1
39 36 1
40 36 1
41 36 1
79 36 3
103 36 1
105 36 3
39 37 1
111 37 1
33 38 2
36 38 1
39 38 4
40 39 1
86 39 3
103 39 6
114 39 1
34 40 2
41 40 2
57 40 2
102 40 2
8 41 1
26 41 1
28 41 1
42 41 2
59 41 1
77 41 2
81 41 1
9 42 3
26 42 1
29 42 2
33 42 44
34 42 1
36 42 6
43 42 2
54 42 1
56 42 2
103 42 21
126 42 1
5 43 1
72 43 20
61 44 1
67 44 1
80 44 2
88 44 1
93 44 36
99 44 1
100 44 16
16 45 1
15 46 1
60 46 1
79 46 2
86 46 1
99 46 1
93 47 1
95 47 1
101 47 1
113 47 2
75 48 1
26 49 1
27 49 2
49 49 1
59 49 41
61 49 1
62 49 8
91 49 1
98 49 6
102 49 1
51 50 2
72 50 1
86 50 1
93 50 6
4 51 3
33 51 1
56 51 1
96 51 28
103 51 1
28 52 2
29 52 2
33 52 2
53 52 1
60 52 1
80 52 1
103 52 2
5 53 4
39 53 10
49 53 9
101 53 1
53 54 4
100 54 28
3 55 1
23 55 1
34 55 1
59 55 1
96 55 3
20 56 1
22 56 1
25 56 1
41 56 4
51 56 1
57 56 4
63 56 2
65 56 1
82 56 1
105 56 1
109 56 1
110 56 1
20 57 1
28 57 1
57 57 1
28 58 1
59 58 4
26 59 1
28 59 11
31 59 2
52 59 1
60 59 2
103 59 22
11 60 2
15 60 1
16 60 1
51 60 1
59 60 1
84 60 1
93 60 5
101 60 2
108 60 1
109 60 4
20 61 3
41 61 4
62 61 1
111 61 1
32 62 1
62 62 1
63 62 1
24 63 1
102 63 1
3 64 1
11 64 1
33 64 1
34 64 1
60 64 3
62 64 1
63 64 1
69 64 1
101 64 1
103 64 16
15 65 1
63 65 13
18 66 1
20 66 1
69 66 3
112 66 1
25 67 2
69 67 3
107 68 2
113 68 1
8 69 29
26 69 6
97 69 1
98 69 4
5 70 1
72 70 3
109 70 2
5 71 1
20 71 1
32 71 24
72 71 22
47 72 1
72 72 1
103 72 1
111 73 1
1 74 3
16 74 1
19 74 1
48 74 1
49 74 9
79 74 1
100 74 1
105 74 2
110 74 1
123 74 4
72 75 6
75 76 1
75 77 1
34 78 12
42 78 1
81 78 3
102 78 11
106 78 1
86 79 1
108 79 2
35 80 1
42 80 1
78 80 1
92 80 1
55 81 1
93 81 1
107 81 2
79 82 3
101 83 1
115 83 2
122 83 1
79 84 1
81 84 1
7 85 1
14 85 2
40 85 2
82 85 1
7 86 1
9 86 1
56 86 2
8 87 3
10 87 1
20 87 1
23 87 1
84 87 2
24 88 1
28 88 1
59 88 4
61 88 1
109 88 1
59 89 11
93 89 15
114 90 1
72 91 1
7 92 2
34 92 1
36 92 1
72 92 1
4 93 1
9 93 1
13 93 2
15 93 1
36 93 11
60 93 1
103 93 1
114 93 3
8 94 1
15 95 6
91 95 1
99 95 1
88 96 3
114 96 2
24 97 1
93 97 2
114 97 1
18 98 2
47 98 1
52 98 1
80 98 1
86 98 1
11 99 1
26 99 1
40 99 2
89 99 1
95 99 15
96 99 1
99 99 2
103 99 19
110 99 1
111 99 1
114 99 1
8 100 1
9 100 5
15 100 1
19 100 5
26 100 38
43 100 1
57 100 3
60 100 9
115 100 1
116 100 1
46 101 1
113 101 1
53 102 1
91 102 1
99 102 2
114 102 1
7 103 2
8 103 2
51 103 1
75 103 1
100 103 1
105 103 2
126 103 3
54 104 1
126 104 1
26 105 1
41 105 24
102 105 1
2 106 1
11 106 12
18 106 1
28 106 2
33 106 1
51 106 4
60 106 7
65 106 1
85 106 1
103 106 5
108 106 1
109 106 4
81 107 1
101 107 1
126 107 4
1 108 11
50 108 1
54 108 1
105 108 2
2 109 1
4 109 1
26 109 1
27 109 3
28 109 17
30 109 26
33 109 1
34 109 1
37 109 1
53 109 1
60 109 1
61 109 1
62 109 1
72 109 2
103 109 5
106 109 1
90 110 2
28 111 1
88 111 1
108 111 1
114 111 12
13 112 1
50 113 21
108 114 1
16 115 1
25 115 3
10 116 1
13 116 2
28 116 2
41 116 2
57 116 1
95 116 1
114 116 2
7 117 1
124 117 1
117 118 1
81 119 2
105 119 1
125 119 13
81 120 1
118 121 1
118 122 1
119 122 1
79 123 1
121 123 1
19 124 3
21 124 1
27 124 2
34 124 3
36 124 1
45 124 1
58 124 7
99 124 1
100 124 2
104 124 2
105 124 1
3 125 1
34 125 1
46 125 1
88 125 2
100 125 1
118 125 2
23 126 1
93 126 1
