1 1 1
5 1 1
48 1 1
49 1 3
51 1 1
77 1 3
81 1 1
85 1 4
86 1 3
88 1 1
99 1 1
107 1 1
109 1 2
110 1 1
114 1 1
118 1 1
2 2 1
4 2 1
17 2 1
24 2 2
34 2 1
42 2 1
45 2 2
112 2 2
132 2 1
3 3 1
4 3 2
9 3 2
10 3 2
14 3 5
15 3 1
18 3 2
20 3 3
21 3 2
27 3 3
28 3 2
34 3 2
36 3 2
39 3 1
44 3 1
54 3 2
59 3 1
61 3 2
63 3 1
67 3 1
69 3 2
73 3 3
88 3 1
90 3 1
91 3 2
103 3 1
106 3 3
112 3 5
128 3 1
136 3 1
3 4 3
4 4 5
10 4 3
12 4 2
13 4 6
15 4 4
16 4 5
17 4 1
18 4 1
19 4 2
23 4 3
27 4 1
28 4 1
30 4 1
34 4 1
40 4 2
42 4 1
45 4 1
54 4 4
58 4 2
61 4 1
71 4 1
82 4 1
83 4 8
84 4 3
89 4 1
115 4 2
123 4 1
133 4 1
135 4 1
16 5 1
28 5 1
67 5 1
104 5 1
113 5 1
8 6 1
21 6 5
35 6 1
36 6 2
45 6 1
47 6 1
56 6 1
66 6 1
99 6 2
101 6 1
102 6 1
104 6 1
128 6 1
24 7 3
31 7 1
45 7 3
57 7 1
69 7 1
70 7 1
89 7 1
124 7 1
4 8 1
7 8 2
8 8 3
9 8 4
24 8 1
45 8 2
53 8 2
58 8 3
75 8 1
86 8 1
100 8 1
101 8 3
109 8 1
114 8 1
117 8 2
136 8 1
3 9 1
8 9 6
9 9 1
14 9 3
16 9 1
17 9 1
18 9 1
35 9 6
36 9 2
37 9 1
40 9 8
43 9 2
51 9 11
69 9 1
87 9 1
88 9 1
89 9 1
92 9 1
96 9 1
101 9 3
108 9 1
109 9 1
119 9 1
132 9 2
135 9 3
4 10 3
10 10 9
12 10 1
21 10 2
24 10 1
26 10 1
27 10 1
28 10 1
30 10 1
38 10 1
54 10 1
58 10 1
62 10 1
84 10 1
112 10 1
114 10 1
11 11 5
13 11 1
17 11 1
23 11 1
25 11 4
33 11 2
34 11 4
35 11 1
40 11 1
41 11 4
42 11 2
63 11 1
91 11 1
121 11 1
4 12 2
9 12 1
12 12 2
17 12 1
24 12 1
28 12 1
33 12 1
34 12 1
42 12 1
54 12 2
62 12 2
63 12 1
83 12 1
96 12 2
115 12 1
13 13 3
25 13 1
38 13 1
4 14 2
7 14 2
8 14 2
9 14 2
11 14 1
14 14 5
20 14 8
21 14 5
26 14 1
32 14 1
36 14 3
41 14 1
42 14 2
59 14 2
60 14 1
70 14 1
84 14 2
90 14 1
103 14 2
106 14 4
124 14 1
5 15 1
10 15 1
15 15 5
17 15 1
18 15 5
21 15 1
28 15 1
34 15 1
61 15 1
62 15 2
63 15 4
66 15 1
70 15 1
74 15 1
84 15 1
100 15 2
112 15 2
118 15 1
10 16 1
11 16 1
15 16 2
16 16 3
19 16 1
20 16 1
25 16 1
27 16 1
57 16 1
59 16 1
63 16 1
65 16 1
83 16 1
111 16 1
115 16 2
3 17 1
17 17 1
20 17 3
26 17 1
34 17 1
42 17 1
43 17 2
58 17 1
62 17 1
112 17 1
122 17 1
3 18 1
15 18 1
18 18 1
42 18 1
47 18 1
132 18 1
2 19 1
4 19 3
9 19 1
17 19 1
24 19 1
28 19 4
36 19 1
55 19 1
62 19 1
69 19 1
84 19 2
89 19 1
90 19 1
106 19 1
110 19 1
111 19 1
113 19 2
135 19 3
5 20 1
10 20 13
11 20 2
13 20 2
14 20 4
15 20 4
16 20 3
17 20 1
20 20 17
22 20 1
25 20 1
29 20 2
32 20 1
37 20 1
38 20 1
42 20 1
56 20 1
59 20 2
61 20 1
69 20 8
70 20 2
71 20 2
84 20 2
89 20 4
111 20 2
112 20 1
121 20 1
9 21 1
10 21 4
14 21 1
15 21 3
19 21 1
21 21 3
23 21 1
26 21 2
27 21 1
28 21 2
31 21 2
33 21 1
36 21 3
51 21 1
54 21 3
55 21 2
57 21 1
63 21 1
69 21 1
96 21 1
100 21 1
115 21 1
121 21 1
123 21 1
2 22 1
11 22 1
20 22 1
22 22 3
28 22 1
37 22 1
38 22 1
39 22 3
42 22 1
69 22 1
70 22 1
84 22 1
90 22 1
115 22 1
3 23 1
10 23 3
11 23 5
15 23 2
16 23 1
17 23 1
20 23 1
23 23 2
24 23 2
25 23 1
26 23 6
27 23 5
28 23 1
29 23 1
33 23 5
34 23 12
39 23 1
40 23 1
41 23 4
42 23 3
47 23 1
59 23 1
61 23 2
63 23 2
64 23 3
65 23 2
66 23 2
67 23 1
69 23 3
71 23 2
83 23 1
84 23 1
91 23 1
105 23 1
111 23 4
137 23 1
4 24 1
10 24 2
11 24 1
12 24 3
13 24 1
15 24 8
19 24 1
20 24 3
21 24 1
23 24 2
24 24 5
25 24 2
26 24 8
27 24 1
32 24 2
33 24 1
34 24 1
35 24 3
36 24 1
40 24 2
41 24 2
42 24 9
45 24 1
60 24 1
62 24 5
64 24 2
66 24 1
67 24 1
70 24 5
71 24 1
82 24 2
84 24 5
89 24 1
97 24 1
111 24 2
4 25 2
9 25 4
10 25 2
11 25 7
17 25 1
25 25 11
26 25 3
30 25 1
33 25 3
35 25 2
36 25 1
43 25 2
58 25 2
59 25 2
60 25 1
66 25 1
67 25 2
69 25 4
71 25 5
89 25 1
97 25 1
105 25 2
109 25 13
121 25 2
1 26 2
2 26 2
3 26 2
4 26 1
6 26 1
8 26 1
12 26 4
16 26 1
17 26 4
18 26 1
20 26 1
21 26 1
24 26 5
26 26 1
27 26 2
28 26 1
34 26 6
41 26 1
42 26 6
43 26 1
53 26 2
59 26 4
60 26 1
61 26 1
63 26 7
69 26 1
105 26 8
111 26 10
4 27 1
5 27 3
6 27 1
12 27 1
14 27 1
15 27 2
16 27 2
17 27 1
21 27 4
23 27 1
27 27 1
29 27 1
31 27 1
33 27 5
34 27 7
35 27 1
38 27 1
39 27 1
40 27 1
42 27 4
43 27 6
55 27 1
58 27 1
61 27 2
63 27 2
67 27 2
70 27 1
73 27 1
84 27 4
89 27 1
92 27 1
102 27 1
103 27 3
108 27 1
111 27 2
112 27 1
118 27 2
120 27 2
127 27 1
132 27 2
134 27 1
2 28 1
3 28 1
8 28 1
15 28 2
16 28 5
17 28 1
18 28 1
23 28 8
26 28 1
28 28 3
33 28 1
34 28 3
40 28 2
42 28 1
67 28 1
69 28 1
91 28 1
92 28 1
105 28 1
111 28 2
3 29 3
10 29 1
13 29 1
16 29 2
21 29 1
23 29 1
27 29 1
28 29 1
30 29 3
33 29 2
34 29 2
40 29 2
42 29 1
61 29 1
62 29 1
69 29 1
90 29 1
111 29 2
2 30 1
11 30 4
12 30 1
15 30 3
24 30 3
26 30 2
29 30 1
30 30 3
33 30 2
42 30 3
43 30 3
60 30 1
61 30 12
65 30 2
66 30 1
69 30 1
97 30 1
111 30 4
3 31 1
10 31 7
12 31 2
15 31 2
21 31 1
22 31 1
25 31 1
27 31 2
31 31 1
32 31 1
39 31 1
42 31 1
43 31 1
55 31 2
62 31 2
63 31 1
65 31 1
69 31 2
84 31 7
91 31 1
96 31 1
102 31 1
112 31 1
121 31 1
123 31 1
133 31 1
1 32 1
11 32 4
14 32 1
15 32 1
16 32 1
21 32 1
23 32 1
24 32 3
25 32 2
27 32 1
28 32 1
30 32 1
32 32 4
37 32 1
39 32 1
42 32 1
58 32 1
64 32 1
65 32 2
66 32 1
68 32 1
71 32 1
96 32 1
111 32 2
123 32 1
124 32 2
2 33 3
10 33 2
12 33 1
15 33 1
20 33 1
23 33 10
26 33 1
27 33 2
28 33 2
30 33 1
33 33 2
34 33 1
40 33 6
54 33 4
67 33 2
84 33 1
108 33 3
121 33 1
3 34 1
4 34 4
11 34 4
15 34 2
16 34 9
23 34 1
26 34 4
40 34 1
51 34 1
52 34 4
63 34 1
69 34 1
82 34 2
84 34 1
111 34 1
112 34 1
3 35 1
34 35 1
35 35 2
36 35 1
42 35 2
67 35 1
82 35 1
86 35 1
105 35 2
121 35 2
4 36 4
7 36 3
9 36 2
10 36 4
11 36 1
14 36 2
16 36 1
19 36 1
20 36 1
21 36 6
25 36 1
28 36 3
36 36 1
38 36 6
39 36 4
43 36 1
51 36 2
54 36 2
59 36 2
60 36 1
66 36 1
69 36 2
73 36 1
84 36 1
90 36 2
96 36 7
105 36 2
108 36 1
109 36 6
112 36 1
113 36 1
114 36 1
115 36 1
119 36 1
123 36 1
135 36 1
136 36 1
8 37 1
9 37 6
13 37 1
14 37 2
20 37 1
21 37 1
36 37 2
41 37 1
54 37 1
55 37 1
59 37 1
62 37 1
78 37 1
136 37 1
6 38 2
10 38 3
11 38 1
13 38 1
17 38 1
20 38 1
21 38 2
27 38 3
36 38 1
38 38 5
39 38 2
54 38 1
60 38 2
65 38 1
67 38 1
96 38 1
97 38 1
108 38 1
109 38 1
111 38 1
123 38 1
135 38 1
3 39 1
4 39 5
8 39 2
9 39 7
17 39 1
20 39 3
27 39 1
28 39 1
31 39 2
36 39 1
39 39 1
54 39 1
69 39 1
87 39 1
107 39 1
115 39 1
120 39 1
123 39 1
2 40 1
4 40 1
17 40 1
20 40 2
24 40 1
40 40 1
43 40 1
58 40 1
69 40 1
99 40 1
103 40 1
135 40 1
3 41 3
10 41 2
12 41 1
14 41 1
17 41 1
21 41 1
23 41 9
24 41 13
26 41 3
28 41 2
31 41 1
34 41 10
36 41 1
38 41 1
39 41 1
42 41 1
44 41 1
54 41 1
56 41 1
59 41 3
62 41 3
63 41 1
64 41 2
67 41 3
69 41 1
111 41 10
112 41 1
121 41 1
2 42 1
3 42 1
4 42 2
15 42 1
18 42 1
24 42 1
26 42 8
27 42 1
29 42 1
33 42 1
34 42 3
38 42 1
42 42 6
43 42 5
58 42 1
63 42 2
86 42 1
91 42 1
105 42 1
111 42 2
112 42 2
115 42 1
3 43 1
10 43 1
11 43 1
15 43 7
16 43 3
17 43 2
20 43 1
33 43 1
36 43 2
38 43 1
42 43 13
43 43 7
45 43 1
47 43 1
83 43 1
84 43 1
96 43 1
123 43 1
135 43 6
9 44 3
12 44 1
16 44 1
21 44 1
27 44 5
32 44 1
40 44 3
42 44 1
44 44 5
45 44 1
63 44 1
67 44 1
99 44 2
101 44 1
7 45 4
8 45 3
9 45 3
14 45 2
20 45 2
23 45 1
45 45 8
48 45 1
55 45 1
56 45 1
63 45 1
86 45 2
94 45 1
95 45 2
100 45 2
101 45 1
108 45 1
109 45 1
110 45 1
112 45 1
119 45 1
124 45 1
135 45 1
136 45 1
88 46 1
107 46 3
110 46 1
27 47 1
47 47 1
57 47 1
105 47 6
13 48 12
34 48 1
49 48 1
60 48 2
99 48 1
30 49 1
49 49 1
52 49 1
87 49 1
102 49 1
110 49 2
120 49 1
48 50 1
49 50 1
50 50 1
75 50 1
86 50 1
104 50 1
110 50 1
122 50 2
8 51 1
21 51 1
22 51 1
36 51 1
40 51 1
51 51 1
87 51 2
90 51 1
94 51 2
102 51 1
10 52 3
15 52 1
16 52 1
18 52 2
27 52 1
28 52 1
42 52 1
45 52 1
46 52 1
49 52 4
52 52 1
79 52 1
80 52 1
95 52 1
103 52 2
94 53 2
117 53 1
3 54 2
4 54 4
12 54 1
21 54 1
24 54 1
26 54 1
27 54 2
31 54 1
38 54 1
42 54 2
54 54 1
105 54 2
108 54 1
111 54 2
114 54 1
115 54 1
123 54 1
132 54 1
4 55 5
11 55 1
12 55 3
15 55 1
24 55 5
27 55 3
30 55 1
37 55 1
38 55 1
55 55 2
59 55 1
62 55 1
103 55 2
109 55 1
1 56 3
5 56 1
7 56 1
9 56 1
12 56 1
30 56 1
43 56 2
56 56 1
72 56 1
73 56 1
84 56 1
109 56 1
110 56 1
4 57 2
8 57 1
10 57 1
18 57 1
21 57 1
39 57 1
43 57 1
45 57 3
47 57 2
52 57 1
56 57 2
57 57 1
63 57 1
76 57 1
85 57 1
92 57 2
93 57 1
101 57 1
103 57 1
2 58 1
4 58 1
10 58 3
12 58 1
15 58 2
16 58 2
25 58 1
36 58 2
38 58 1
41 58 1
43 58 1
77 58 1
82 58 1
83 58 1
84 58 13
96 58 1
97 58 1
103 58 4
105 58 1
106 58 1
109 58 1
110 58 1
123 58 1
135 58 2
3 59 1
9 59 5
15 59 2
20 59 6
23 59 1
25 59 2
26 59 2
28 59 1
30 59 4
33 59 1
34 59 1
36 59 2
41 59 2
45 59 1
47 59 1
58 59 1
59 59 10
61 59 1
69 59 2
70 59 1
71 59 2
83 59 1
89 59 2
91 59 1
92 59 2
93 59 2
100 59 1
103 59 3
108 59 1
109 59 2
111 59 4
113 59 2
114 59 1
124 59 1
125 59 1
3 60 2
20 60 2
23 60 1
26 60 1
27 60 3
31 60 1
37 60 1
43 60 1
51 60 1
52 60 1
61 60 4
65 60 1
69 60 1
70 60 1
75 60 1
111 60 2
118 60 4
2 61 1
13 61 1
16 61 3
27 61 1
28 61 18
54 61 1
61 61 5
63 61 1
66 61 5
93 61 1
99 61 1
111 61 1
3 62 3
4 62 1
11 62 1
12 62 2
15 62 6
16 62 3
17 62 4
19 62 1
20 62 1
22 62 1
23 62 2
26 62 3
27 62 8
28 62 1
30 62 5
36 62 1
37 62 1
41 62 1
42 62 9
43 62 2
45 62 1
49 62 1
52 62 1
61 62 2
62 62 3
67 62 4
82 62 1
83 62 1
111 62 3
112 62 2
2 63 2
3 63 4
6 63 2
12 63 3
15 63 2
16 63 2
23 63 1
26 63 1
27 63 1
34 63 1
36 63 1
42 63 1
44 63 1
45 63 5
47 63 1
55 63 1
65 63 1
66 63 1
67 63 1
70 63 1
71 63 1
92 63 1
100 63 1
122 63 1
1 64 1
2 64 1
3 64 1
8 64 1
11 64 3
13 64 2
20 64 1
21 64 1
23 64 2
24 64 2
26 64 4
27 64 1
28 64 1
35 64 10
40 64 1
41 64 2
58 64 1
59 64 8
60 64 1
63 64 3
64 64 4
70 64 1
71 64 3
84 64 1
102 64 1
111 64 1
124 64 1
11 65 2
12 65 1
13 65 2
20 65 1
23 65 2
24 65 1
25 65 1
26 65 2
27 65 2
28 65 1
32 65 1
35 65 1
42 65 1
59 65 1
65 65 7
68 65 1
70 65 1
84 65 4
111 65 1
112 65 2
121 65 1
2 66 1
11 66 2
12 66 1
15 66 2
16 66 1
23 66 1
24 66 3
26 66 7
28 66 2
29 66 1
36 66 1
42 66 1
63 66 24
65 66 2
66 66 2
68 66 1
69 66 1
73 66 1
111 66 18
137 66 1
24 67 1
25 67 2
26 67 1
28 67 1
63 67 1
67 67 3
108 67 2
112 67 1
115 67 2
33 68 1
68 68 1
121 68 1
11 69 1
15 69 2
30 69 1
69 69 3
70 69 2
71 69 20
90 69 1
111 69 1
115 69 1
121 69 7
14 70 2
20 70 4
22 70 1
25 70 2
27 70 1
31 70 2
40 70 2
62 70 1
65 70 1
66 70 1
69 70 1
70 70 7
71 70 6
97 70 1
115 70 2
121 70 5
11 71 4
12 71 1
15 71 2
25 71 4
27 71 2
32 71 2
34 71 2
35 71 1
65 71 4
69 71 2
70 71 1
71 71 3
121 71 5
1 72 11
48 72 2
107 72 2
120 72 1
122 72 11
5 73 2
27 73 1
39 73 1
51 73 1
54 73 1
56 73 2
58 73 2
80 73 1
83 73 2
96 73 1
97 73 1
100 73 1
113 73 2
115 73 1
15 74 1
1 75 1
9 75 1
10 75 1
16 75 2
31 75 1
42 75 2
115 75 1
13 76 1
24 76 1
27 76 1
52 76 1
54 76 2
60 76 2
63 76 1
93 76 1
102 76 5
115 76 1
1 77 1
76 77 1
82 77 1
101 77 1
1 78 1
26 78 1
45 78 2
47 78 1
63 78 1
73 78 1
85 78 1
87 78 1
107 78 1
113 78 1
6 79 1
16 79 2
36 79 1
5 80 1
15 80 1
28 80 1
49 80 5
67 80 5
80 80 1
110 80 1
113 80 1
19 81 1
36 81 2
81 81 1
11 82 1
16 82 1
24 82 1
27 82 1
41 82 1
58 82 3
115 82 1
4 83 2
10 83 2
15 83 1
26 83 1
39 83 1
113 83 1
123 83 1
3 84 1
17 84 1
26 84 3
28 84 1
30 84 1
34 84 2
41 84 1
63 84 2
71 84 1
85 84 1
91 84 1
73 85 1
118 85 2
17 86 3
18 86 2
57 86 1
85 86 1
116 86 1
1 87 1
26 87 1
42 87 1
50 87 2
55 87 2
88 87 2
99 87 4
104 87 11
118 87 1
135 87 1
1 88 1
7 88 1
10 88 1
39 88 1
46 88 4
47 88 1
50 88 1
55 88 1
67 88 1
77 88 1
83 88 1
88 88 1
98 88 1
104 88 3
127 88 1
7 89 1
20 89 2
23 89 1
32 89 1
55 89 1
69 89 2
70 89 1
71 89 1
73 89 1
89 89 1
92 89 1
94 89 1
109 89 2
124 89 2
10 90 1
14 90 1
20 90 4
31 90 1
39 90 1
63 90 1
69 90 1
81 90 1
91 90 1
10 91 3
11 91 1
20 91 2
37 91 1
41 91 1
42 91 2
55 91 1
58 91 1
62 91 1
84 91 3
91 91 1
98 91 1
111 91 2
115 91 1
123 91 1
9 92 1
19 92 1
45 92 1
48 92 1
58 92 1
59 92 1
63 92 1
92 92 2
118 92 1
15 93 1
27 93 1
35 93 1
45 93 1
47 93 2
49 93 1
54 93 1
69 93 1
70 93 1
76 93 1
93 93 1
102 93 1
103 93 1
120 93 1
135 93 1
9 94 1
21 94 1
45 94 2
63 94 1
94 94 2
114 94 2
124 94 1
20 95 2
28 95 1
45 95 2
117 95 2
8 96 2
12 96 1
13 96 1
14 96 5
17 96 1
18 96 1
20 96 2
21 96 2
23 96 1
27 96 1
36 96 1
37 96 1
42 96 2
51 96 2
54 96 3
59 96 1
64 96 1
67 96 1
84 96 1
85 96 1
96 96 2
105 96 1
112 96 1
119 96 1
4 97 3
12 97 1
16 97 1
45 97 1
54 97 1
84 97 1
97 97 1
112 97 2
126 97 1
7 98 1
46 98 1
59 98 1
92 98 1
120 98 1
27 99 1
4 100 1
12 100 1
13 100 2
27 100 1
36 100 1
37 100 1
53 100 3
63 100 1
65 100 1
67 100 1
69 100 2
76 100 2
88 100 1
93 100 1
100 100 1
101 100 2
108 100 1
112 100 2
117 100 1
122 100 1
7 101 2
8 101 1
45 101 3
93 101 2
100 101 2
101 101 4
103 101 1
117 101 2
18 102 2
45 102 3
47 102 2
49 102 1
63 102 1
65 102 1
75 102 2
93 102 2
99 102 2
102 102 1
120 102 1
9 103 3
36 103 2
37 103 1
38 103 1
44 103 1
55 103 1
59 103 1
109 103 1
72 104 1
118 104 1
120 104 1
3 105 2
10 105 4
12 105 1
13 105 2
15 105 2
21 105 3
23 105 2
26 105 2
35 105 1
36 105 1
51 105 1
58 105 2
67 105 1
83 105 2
89 105 1
112 105 1
113 105 1
115 105 1
117 105 1
119 105 3
9 106 2
10 106 1
11 106 1
36 106 1
43 106 1
45 106 1
51 106 8
54 106 2
57 106 1
62 106 1
73 106 2
81 106 1
83 106 2
84 106 1
90 106 1
108 106 1
113 106 1
132 106 1
1 107 2
55 107 1
56 107 2
77 107 1
88 107 3
119 107 1
123 107 1
2 108 1
8 108 2
28 108 1
38 108 7
40 108 1
45 108 7
109 108 1
110 108 1
135 108 11
1 109 1
2 109 1
3 109 1
4 109 2
5 109 1
7 109 2
10 109 1
13 109 1
15 109 5
17 109 1
18 109 2
28 109 1
35 109 1
36 109 5
37 109 1
39 109 1
40 109 3
42 109 2
45 109 4
50 109 1
51 109 2
54 109 1
58 109 1
73 109 1
76 109 1
90 109 1
92 109 1
97 109 3
104 109 1
105 109 1
109 109 4
110 109 1
124 109 3
135 109 6
1 110 2
8 110 2
45 110 3
50 110 1
52 110 1
56 110 2
89 110 1
108 110 2
110 110 1
2 111 2
4 111 1
6 111 1
12 111 1
13 111 1
14 111 1
15 111 4
20 111 1
22 111 1
23 111 1
24 111 2
26 111 8
27 111 2
28 111 1
29 111 3
30 111 3
32 111 1
33 111 1
34 111 1
36 111 1
37 111 1
39 111 2
41 111 3
42 111 6
58 111 1
61 111 1
63 111 3
64 111 1
66 111 1
67 111 4
84 111 3
91 111 1
105 111 1
106 111 1
109 111 1
111 111 3
135 111 8
3 112 2
4 112 1
9 112 1
10 112 1
11 112 1
15 112 8
16 112 2
18 112 2
23 112 1
26 112 1
27 112 1
38 112 1
40 112 2
42 112 1
52 112 2
55 112 1
61 112 1
62 112 1
67 112 18
84 112 1
89 112 1
106 112 3
112 112 2
115 112 3
119 112 1
123 112 3
135 112 1
4 113 1
10 113 1
11 113 1
17 113 1
21 113 1
27 113 1
35 113 1
36 113 2
45 113 1
54 113 1
55 113 4
59 113 2
81 113 2
106 113 1
113 113 1
119 113 2
135 113 2
6 114 1
8 114 1
10 114 2
11 114 1
16 114 1
27 114 2
36 114 1
40 114 1
76 114 1
104 114 1
111 114 1
127 114 2
9 115 1
10 115 2
24 115 2
55 115 1
58 115 1
59 115 1
84 115 1
91 115 1
115 115 1
121 115 3
67 116 1
26 117 2
32 117 1
36 117 1
45 117 2
53 117 7
63 117 1
74 117 1
102 117 1
105 117 2
109 117 1
117 117 1
1 118 1
6 118 2
49 118 1
63 118 1
78 118 1
97 118 1
102 118 1
116 118 2
118 118 1
120 118 2
2 119 1
10 119 1
16 119 5
54 119 8
67 119 1
81 119 1
111 119 1
119 119 1
1 120 1
15 120 1
16 120 1
32 120 1
42 120 1
48 120 2
49 120 1
52 120 1
56 120 1
78 120 1
89 120 1
99 120 1
102 120 2
104 120 1
118 120 2
10 121 2
16 121 1
20 121 5
23 121 1
28 121 1
36 121 4
65 121 1
70 121 4
71 121 5
121 121 4
1 122 2
50 122 3
51 122 1
52 122 1
59 122 1
72 122 1
79 122 1
88 122 1
92 122 1
4 123 3
9 123 2
10 123 3
14 123 1
15 123 3
18 123 1
21 123 3
27 123 1
34 123 1
36 123 3
42 123 2
43 123 1
56 123 1
61 123 2
73 123 2
83 123 1
90 123 1
92 123 2
97 123 1
107 123 1
109 123 2
111 123 1
112 123 2
123 123 2
132 123 2
7 124 1
9 124 5
14 124 1
32 124 2
33 124 1
43 124 3
60 124 1
97 124 1
103 124 1
109 124 1
119 124 1
124 124 1
135 124 1
10 125 1
21 125 1
123 125 2
90 126 2
123 127 1
10 128 1
127 128 1
129 128 1
128 129 1
129 130 2
107 131 3
115 131 1
130 131 2
2 132 1
126 132 1
9 133 1
113 133 1
126 133 1
131 133 1
1 134 1
56 134 2
73 134 1
119 134 1
131 134 1
133 134 1
114 135 1
8 136 1
9 136 3
16 136 1
18 136 1
19 136 1
27 136 1
31 136 1
38 136 3
39 136 7
40 136 1
43 136 1
45 136 2
51 136 1
54 136 3
55 136 1
57 136 1
73 136 2
86 136 1
100 136 1
101 136 1
103 136 4
108 136 3
109 136 3
113 136 3
124 136 3
20 137 1
26 137 1
39 137 1
45 137 1
51 137 3
62 137 1
109 137 2
36 138 1
