1 1 2
14 1 1
26 1 3
41 1 1
46 1 1
47 1 26
48 1 1
52 1 1
62 1 3
71 1 69
72 1 2
74 1 2
75 1 1
77 1 16
80 1 1
85 1 2
86 1 15
87 1 9
88 1 11
106 1 1
109 1 56
118 1 2
119 1 4
121 1 2
123 1 1
131 1 1
133 1 2
135 1 1
1 2 1
2 2 4
4 2 8
10 2 1
12 2 1
15 2 1
17 2 4
18 2 6
20 2 1
23 2 1
24 2 2
25 2 2
26 2 6
28 2 1
30 2 3
32 2 1
34 2 9
39 2 5
40 2 5
42 2 1
43 2 3
44 2 1
45 2 1
52 2 9
60 2 1
61 2 6
62 2 6
65 2 3
75 2 1
84 2 8
88 2 3
92 2 6
104 2 9
107 2 1
110 2 7
111 2 2
122 2 1
133 2 2
3 3 1
4 3 38
6 3 7
9 3 6
14 3 1
17 3 1
19 3 1
21 3 2
22 3 3
26 3 10
27 3 3
28 3 1
31 3 1
34 3 1
39 3 3
60 3 3
61 3 7
62 3 1
75 3 1
85 3 1
96 3 1
102 3 1
106 3 11
108 3 26
110 3 1
111 3 3
112 3 27
116 3 2
122 3 1
123 3 1
4 4 9
10 4 2
13 4 1
14 4 1
15 4 3
16 4 1
17 4 1
18 4 1
19 4 40
20 4 1
26 4 46
27 4 2
28 4 4
29 4 1
30 4 1
34 4 28
40 4 1
42 4 2
43 4 1
48 4 1
53 4 1
54 4 3
55 4 4
56 4 11
57 4 3
60 4 1
62 4 3
65 4 1
66 4 1
77 4 4
83 4 1
90 4 26
91 4 1
110 4 6
111 4 3
112 4 1
116 4 4
118 4 1
21 5 1
55 5 9
75 5 1
85 5 1
87 5 2
88 5 1
108 5 1
121 5 7
137 5 4
6 6 4
8 6 1
9 6 1
12 6 1
18 6 9
24 6 1
26 6 55
27 6 1
28 6 1
29 6 3
33 6 1
34 6 4
36 6 2
39 6 1
43 6 1
45 6 2
47 6 5
53 6 3
57 6 2
62 6 30
63 6 13
67 6 1
72 6 1
75 6 3
82 6 2
85 6 1
86 6 1
89 6 1
103 6 20
111 6 3
117 6 1
118 6 24
7 7 1
9 7 2
28 7 1
30 7 1
56 7 2
99 7 1
108 7 6
117 7 1
137 7 1
7 8 3
8 8 4
9 8 5
15 8 1
45 8 1
108 8 1
123 8 1
7 9 1
8 9 62
9 9 6
14 9 3
27 9 1
28 9 2
37 9 6
39 9 3
41 9 1
44 9 17
48 9 3
50 9 2
57 9 1
58 9 3
60 9 2
61 9 3
63 9 1
68 9 1
71 9 1
74 9 44
85 9 1
86 9 2
87 9 1
89 9 2
90 9 1
94 9 6
100 9 1
102 9 2
105 9 1
108 9 1
109 9 44
113 9 1
117 9 1
118 9 1
123 9 3
130 9 1
137 9 9
1 10 10
2 10 37
4 10 2
9 10 43
10 10 1
13 10 2
15 10 2
18 10 2
20 10 1
26 10 9
27 10 2
28 10 3
31 10 1
33 10 1
34 10 30
35 10 1
39 10 2
40 10 1
43 10 3
44 10 5
54 10 2
55 10 2
56 10 11
57 10 2
61 10 2
62 10 4
63 10 1
64 10 3
73 10 1
85 10 1
91 10 5
93 10 13
96 10 3
104 10 1
105 10 2
108 10 2
109 10 1
110 10 24
111 10 41
112 10 21
116 10 4
118 10 1
132 10 1
138 10 1
3 11 1
8 11 2
11 11 7
13 11 1
15 11 4
17 11 1
20 11 2
23 11 3
24 11 8
25 11 5
26 11 4
27 11 3
28 11 2
29 11 1
30 11 3
32 11 13
33 11 1
34 11 21
40 11 1
41 11 7
42 11 30
46 11 1
47 11 1
54 11 1
57 11 1
60 11 4
61 11 2
62 11 6
63 11 45
64 11 3
66 11 1
79 11 3
96 11 1
111 11 9
112 11 6
120 11 1
127 11 1
4 12 1
12 12 1
14 12 1
15 12 1
21 12 4
24 12 4
26 12 9
29 12 16
33 12 11
34 12 2
41 12 3
46 12 1
53 12 1
60 12 1
61 12 4
62 12 6
63 12 1
65 12 1
75 12 1
86 12 1
88 12 2
104 12 1
110 12 12
111 12 11
112 12 21
118 12 1
137 12 1
4 13 16
9 13 1
10 13 4
13 13 1
14 13 2
15 13 5
17 13 18
18 13 2
23 13 3
26 13 4
27 13 1
28 13 4
29 13 2
30 13 3
31 13 1
33 13 1
34 13 16
38 13 1
40 13 2
42 13 1
48 13 1
54 13 1
57 13 1
60 13 4
61 13 23
62 13 5
63 13 1
65 13 15
74 13 1
75 13 1
83 13 26
92 13 2
96 13 1
106 13 1
109 13 2
110 13 9
111 13 38
112 13 3
116 13 4
117 13 1
119 13 13
3 14 1
6 14 2
9 14 9
14 14 4
20 14 2
25 14 1
37 14 3
39 14 4
50 14 1
58 14 5
59 14 1
62 14 1
63 14 1
66 14 1
69 14 1
88 14 1
89 14 1
92 14 19
93 14 26
96 14 2
99 14 1
106 14 2
108 14 3
118 14 1
120 14 1
122 14 9
123 14 10
4 15 2
10 15 1
15 15 10
16 15 1
23 15 2
24 15 2
26 15 5
28 15 7
31 15 9
33 15 4
34 15 1
40 15 1
44 15 1
52 15 1
54 15 1
57 15 4
61 15 3
62 15 19
65 15 2
78 15 1
80 15 1
90 15 5
91 15 6
98 15 4
105 15 2
110 15 1
111 15 9
123 15 1
141 15 1
4 16 42
9 16 1
10 16 3
12 16 2
15 16 4
16 16 1
17 16 3
18 16 6
23 16 13
24 16 1
25 16 5
26 16 4
27 16 17
28 16 10
29 16 34
30 16 6
32 16 1
33 16 13
34 16 29
39 16 8
42 16 2
43 16 5
44 16 5
48 16 5
49 16 1
54 16 1
58 16 2
60 16 42
61 16 16
62 16 4
64 16 10
66 16 1
74 16 2
75 16 2
81 16 1
83 16 3
86 16 3
87 16 1
96 16 3
102 16 1
104 16 1
110 16 11
111 16 49
112 16 25
116 16 13
119 16 1
137 16 1
2 17 1
4 17 1
11 17 2
15 17 2
16 17 1
17 17 4
27 17 3
28 17 1
31 17 1
34 17 13
39 17 2
43 17 1
45 17 1
54 17 1
57 17 1
61 17 8
71 17 1
90 17 3
102 17 2
107 17 1
110 17 1
116 17 1
4 18 33
6 18 7
9 18 1
14 18 2
15 18 23
18 18 4
23 18 1
26 18 7
27 18 6
31 18 1
34 18 8
36 18 1
39 18 1
42 18 2
55 18 7
56 18 1
57 18 42
65 18 29
71 18 8
72 18 3
77 18 3
82 18 6
85 18 1
86 18 1
91 18 2
103 18 5
106 18 3
107 18 2
108 18 7
109 18 18
110 18 22
111 18 2
113 18 2
118 18 13
122 18 1
126 18 1
137 18 1
138 18 1
3 19 2
4 19 3
6 19 1
55 19 1
56 19 1
62 19 1
63 19 1
71 19 2
90 19 2
92 19 1
108 19 1
111 19 2
113 19 2
118 19 3
123 19 1
137 19 11
11 20 1
14 20 2
18 20 4
19 20 1
20 20 3
31 20 2
32 20 1
58 20 4
59 20 1
108 20 1
120 20 1
123 20 1
3 21 1
6 21 9
7 21 1
14 21 29
16 21 1
18 21 1
19 21 1
21 21 3
23 21 27
24 21 2
25 21 2
26 21 6
27 21 2
28 21 1
29 21 1
30 21 6
31 21 1
33 21 7
34 21 7
39 21 1
40 21 11
41 21 1
45 21 2
51 21 1
53 21 2
54 21 4
57 21 6
60 21 2
62 21 1
81 21 1
83 21 1
84 21 2
86 21 17
88 21 1
90 21 1
92 21 3
93 21 4
96 21 42
100 21 1
104 21 1
108 21 2
111 21 1
113 21 1
118 21 1
119 21 2
121 21 1
132 21 1
30 22 2
68 22 1
23 23 5
34 23 3
35 23 1
58 23 1
60 23 1
63 23 1
110 23 1
111 23 2
116 23 1
16 24 1
20 24 1
23 24 1
25 24 1
27 24 2
40 24 1
41 24 2
42 24 2
83 24 1
110 24 1
2 25 1
8 25 1
11 25 8
16 25 2
18 25 2
20 25 2
21 25 2
25 25 6
28 25 2
29 25 1
32 25 1
42 25 1
68 25 3
69 25 1
70 25 1
97 25 1
104 25 2
117 25 1
120 25 5
2 26 2
12 26 1
14 26 1
15 26 3
16 26 1
17 26 1
21 26 2
22 26 2
23 26 1
24 26 2
25 26 1
26 26 5
27 26 2
28 26 1
29 26 5
33 26 3
34 26 30
38 26 1
60 26 17
61 26 7
62 26 2
87 26 1
110 26 18
111 26 11
120 26 1
122 26 2
1 27 1
9 27 1
11 27 1
15 27 2
16 27 1
23 27 12
26 27 33
27 27 2
28 27 1
29 27 2
31 27 1
34 27 5
42 27 2
43 27 14
45 27 1
52 27 1
56 27 1
57 27 1
58 27 1
60 27 1
61 27 1
63 27 1
65 27 1
66 27 1
74 27 2
75 27 9
76 27 1
77 27 1
78 27 7
88 27 2
110 27 22
111 27 1
114 27 1
117 27 1
3 28 1
9 28 1
12 28 2
13 28 1
15 28 2
16 28 1
21 28 1
23 28 3
24 28 2
33 28 16
34 28 2
40 28 3
52 28 5
53 28 1
54 28 11
55 28 1
60 28 6
62 28 1
63 28 1
65 28 3
66 28 1
86 28 11
91 28 1
96 28 3
102 28 29
107 28 1
110 28 2
116 28 2
118 28 2
121 28 3
122 28 1
26 29 1
27 29 1
29 29 3
58 29 1
2 30 1
4 30 5
10 30 1
13 30 1
15 30 2
23 30 1
29 30 6
30 30 2
32 30 1
34 30 2
40 30 1
41 30 1
42 30 2
52 30 4
58 30 30
60 30 2
61 30 8
62 30 1
63 30 1
66 30 3
83 30 6
9 31 1
22 31 1
25 31 1
27 31 3
28 31 1
29 31 4
31 31 2
32 31 2
37 31 2
62 31 1
89 31 1
116 31 1
117 31 1
14 32 1
31 32 3
32 32 5
114 32 1
120 32 2
23 33 1
28 33 2
29 33 1
33 33 3
43 33 1
58 33 1
2 34 1
15 34 1
21 34 1
23 34 1
26 34 1
33 34 1
34 34 6
67 34 1
68 34 1
84 34 1
96 34 1
110 34 1
111 34 1
114 34 1
2 35 1
4 35 2
6 35 1
9 35 8
11 35 1
14 35 2
15 35 1
17 35 2
18 35 1
22 35 1
24 35 1
25 35 1
26 35 4
27 35 2
28 35 1
29 35 2
30 35 5
31 35 1
34 35 1
36 35 1
39 35 1
41 35 1
54 35 3
55 35 1
57 35 32
60 35 1
62 35 3
63 35 6
72 35 1
75 35 4
77 35 5
87 35 1
91 35 3
93 35 22
96 35 2
97 35 1
100 35 1
108 35 21
111 35 4
121 35 1
6 36 10
7 36 2
8 36 1
9 36 2
22 36 1
26 36 1
28 36 1
31 36 1
34 36 1
36 36 2
38 36 1
39 36 2
43 36 1
44 36 4
51 36 1
56 36 2
57 36 1
58 36 1
86 36 4
88 36 1
90 36 1
93 36 2
96 36 9
97 36 1
104 36 1
108 36 1
109 36 1
111 36 9
112 36 4
118 36 4
119 36 2
122 36 3
123 36 1
6 37 1
9 37 4
14 37 1
27 37 2
37 37 1
41 37 1
44 37 1
62 37 1
1 38 1
3 38 1
9 38 13
10 38 1
20 38 8
21 38 1
24 38 2
26 38 1
36 38 2
38 38 2
40 38 12
55 38 1
57 38 1
61 38 1
62 38 1
81 38 1
83 38 1
88 38 5
95 38 1
96 38 1
98 38 1
107 38 17
108 38 4
109 38 3
113 38 2
116 38 1
118 38 2
122 38 1
138 38 1
6 39 1
10 39 1
11 39 1
14 39 2
20 39 2
29 39 1
30 39 1
31 39 1
36 39 2
39 39 2
43 39 1
51 39 1
57 39 1
58 39 2
70 39 1
106 39 1
108 39 2
109 39 1
118 39 1
123 39 1
137 39 13
138 39 1
3 40 1
4 40 1
9 40 1
13 40 1
16 40 1
17 40 3
25 40 20
33 40 3
34 40 6
36 40 2
40 40 4
41 40 16
52 40 9
60 40 13
72 40 1
87 40 1
90 40 2
96 40 2
107 40 1
108 40 3
109 40 9
111 40 1
114 40 2
116 40 1
137 40 1
26 41 1
28 41 4
41 41 6
58 41 5
2 42 1
10 42 1
15 42 1
24 42 8
26 42 17
27 42 6
30 42 1
33 42 33
34 42 44
43 42 1
44 42 1
52 42 9
60 42 2
61 42 2
62 42 16
65 42 1
74 42 1
75 42 1
110 42 15
111 42 5
119 42 20
137 42 4
1 43 2
6 43 1
10 43 1
16 43 1
23 43 54
26 43 1
28 43 1
31 43 1
36 43 2
41 43 1
43 43 1
55 43 10
56 43 16
57 43 1
58 43 2
65 43 2
77 43 13
96 43 1
101 43 2
104 43 3
109 43 1
110 43 1
113 43 1
128 43 2
137 43 5
20 44 2
33 44 2
44 44 1
52 44 14
60 44 4
74 44 1
75 44 1
98 44 1
101 44 1
8 45 25
9 45 1
13 45 1
24 45 4
39 45 1
41 45 2
44 45 8
47 45 2
54 45 1
59 45 1
70 45 1
71 45 6
80 45 1
85 45 1
86 45 1
87 45 38
93 45 2
94 45 1
95 45 13
96 45 1
101 45 1
104 45 1
107 45 18
108 45 4
109 45 4
110 45 1
118 45 1
123 45 1
137 45 4
138 45 1
12 46 1
46 46 3
77 46 15
79 46 2
80 46 3
6 47 1
18 47 1
47 47 3
55 47 1
56 47 4
62 47 1
72 47 1
75 47 2
80 47 1
93 47 2
106 47 1
108 47 8
117 47 2
121 47 1
127 47 1
23 48 1
46 48 1
48 48 2
93 48 1
117 48 2
118 48 1
133 48 4
46 49 2
49 49 1
50 49 2
62 49 1
69 49 1
119 49 1
51 50 1
87 50 1
1 51 1
5 51 2
9 51 32
21 51 11
26 51 3
27 51 7
28 51 1
33 51 1
36 51 1
39 51 5
41 51 7
42 51 2
46 51 1
49 51 1
51 51 1
56 51 1
58 51 1
60 51 1
80 51 23
90 51 2
97 51 1
103 51 1
104 51 1
106 51 1
109 51 1
110 51 3
116 51 2
118 51 2
121 51 1
123 51 20
22 52 1
34 52 3
41 52 1
48 52 1
52 52 3
61 52 1
74 52 1
80 52 1
86 52 1
102 52 1
117 52 1
39 53 1
100 53 1
116 53 9
2 54 1
4 54 29
6 54 10
8 54 1
9 54 1
26 54 3
27 54 25
30 54 1
34 54 14
53 54 3
55 54 1
56 54 1
57 54 4
60 54 3
62 54 3
76 54 1
78 54 2
84 54 1
88 54 2
90 54 4
96 54 2
102 54 1
106 54 1
112 54 1
113 54 1
118 54 45
134 54 1
137 54 3
138 54 1
4 55 10
10 55 4
12 55 1
14 55 1
16 55 1
27 55 2
28 55 4
29 55 13
33 55 3
34 55 3
42 55 1
52 55 3
54 55 1
57 55 1
75 55 1
81 55 5
82 55 1
84 55 2
87 55 1
110 55 6
112 55 4
113 55 1
116 55 1
15 56 1
85 56 1
93 56 1
97 56 1
103 56 1
107 56 1
109 56 1
111 56 1
119 56 1
137 56 1
14 57 1
24 57 1
26 57 5
29 57 2
30 57 3
46 57 1
47 57 1
48 57 2
54 57 1
56 57 1
57 57 1
59 57 1
62 57 9
75 57 2
76 57 2
79 57 4
80 57 11
88 57 1
93 57 1
103 57 1
107 57 15
108 57 1
113 57 2
116 57 9
118 57 6
4 58 5
9 58 1
10 58 2
13 58 1
15 58 1
18 58 2
22 58 2
30 58 1
34 58 1
39 58 1
45 58 1
46 58 1
50 58 1
57 58 7
58 58 1
63 58 1
65 58 19
84 58 2
87 58 1
108 58 2
110 58 24
112 58 2
122 58 1
8 59 1
14 59 4
16 59 1
18 59 1
19 59 2
20 59 1
22 59 4
23 59 1
28 59 1
34 59 3
36 59 1
37 59 1
41 59 6
54 59 2
58 59 4
59 59 1
63 59 1
68 59 1
69 59 1
70 59 2
89 59 1
96 59 1
110 59 2
113 59 1
119 59 1
59 60 1
103 60 1
28 61 10
29 61 1
41 61 1
60 61 4
110 61 1
19 62 1
25 62 1
41 62 1
42 62 1
45 62 1
61 62 5
66 62 1
82 62 1
111 62 1
2 63 2
10 63 1
16 63 1
20 63 3
26 63 5
34 63 1
44 63 1
45 63 1
52 63 2
62 63 12
63 63 1
74 63 1
75 63 5
86 63 1
102 63 2
109 63 1
110 63 1
120 63 3
23 64 1
24 64 1
27 64 1
34 64 2
62 64 1
63 64 8
65 64 1
17 65 1
26 65 1
27 65 1
58 65 1
63 65 1
64 65 4
68 65 3
69 65 1
70 65 1
20 66 1
26 66 1
27 66 2
34 66 24
41 66 1
63 66 1
65 66 1
94 66 1
122 66 1
3 67 1
4 67 4
10 67 1
28 67 2
33 67 30
34 67 6
39 67 1
41 67 1
44 67 16
45 67 1
61 67 44
62 67 3
63 67 1
64 67 1
66 67 2
72 67 1
78 67 1
80 67 11
88 67 9
94 67 2
100 67 1
110 67 38
111 67 12
113 67 1
123 67 5
2 68 3
11 68 11
25 68 1
41 68 2
65 68 27
67 68 5
90 68 3
103 68 10
11 69 1
14 69 1
23 69 1
24 69 1
31 69 1
58 69 3
59 69 2
67 69 5
68 69 4
69 69 2
70 69 21
89 69 1
111 69 3
120 69 2
15 70 2
20 70 1
31 70 1
44 70 1
64 70 2
68 70 1
69 70 1
70 70 2
11 71 1
13 71 2
20 71 1
25 71 5
26 71 2
30 71 3
38 71 2
39 71 1
49 71 2
57 71 2
58 71 3
64 71 3
68 71 2
70 71 5
97 71 1
111 71 1
120 71 9
49 72 1
71 72 2
76 72 1
78 72 1
87 72 14
88 72 3
98 72 7
121 72 1
8 73 1
15 73 1
34 73 4
39 73 1
46 73 1
53 73 1
54 73 1
55 73 1
56 73 1
62 73 1
72 73 1
77 73 1
80 73 12
86 73 1
87 73 2
103 73 2
107 73 1
118 73 1
121 73 15
107 74 2
15 75 1
26 75 1
40 75 1
46 75 2
52 75 2
62 75 1
74 75 4
75 75 1
102 75 2
114 75 1
16 76 1
18 76 1
48 76 1
75 76 1
98 76 1
31 77 1
48 77 3
75 77 1
76 77 2
121 77 1
1 78 5
26 78 1
48 78 1
85 78 1
86 78 1
87 78 1
88 78 1
98 78 1
102 78 1
103 78 1
106 78 1
112 78 1
116 78 1
75 79 1
98 79 1
79 80 2
80 81 1
41 82 1
47 82 2
71 82 1
86 82 6
87 82 1
102 82 1
105 82 1
109 82 1
117 82 23
119 82 1
12 83 2
23 83 1
34 83 9
54 83 1
57 83 1
61 83 1
65 83 1
88 83 37
104 83 1
110 83 30
5 84 1
15 84 2
20 84 2
26 84 2
27 84 1
31 84 1
34 84 5
56 84 1
57 84 1
62 84 1
63 84 9
64 84 2
76 84 1
104 84 1
112 84 1
116 84 6
15 85 2
21 85 1
23 85 1
25 85 3
26 85 14
27 85 2
30 85 1
33 85 1
34 85 17
52 85 2
54 85 1
57 85 30
61 85 1
83 85 2
84 85 1
85 85 1
91 85 2
100 85 2
109 85 2
110 85 7
111 85 1
118 85 1
116 86 1
16 87 1
86 87 6
87 87 1
63 88 1
87 88 1
34 89 1
88 89 3
4 90 2
14 90 1
20 90 3
31 90 1
37 90 2
58 90 1
90 90 1
18 91 6
34 91 1
36 91 1
40 91 1
61 91 1
90 91 1
118 91 1
124 91 1
10 92 1
33 92 2
34 92 5
52 92 4
58 92 1
74 92 1
75 92 40
76 92 3
91 92 1
102 92 1
104 92 1
110 92 1
28 93 1
30 93 1
58 93 1
62 93 8
75 93 2
76 93 1
111 93 7
15 94 1
62 94 3
65 94 1
66 94 1
75 94 4
76 94 1
93 94 2
102 94 29
9 95 3
27 95 1
39 95 2
94 95 1
8 96 1
52 96 3
62 96 1
79 96 1
127 96 1
8 97 10
9 97 1
14 97 6
20 97 5
23 97 2
26 97 1
27 97 1
29 97 1
30 97 5
31 97 2
39 97 1
40 97 2
42 97 1
53 97 1
54 97 1
61 97 2
62 97 1
88 97 1
94 97 5
96 97 2
102 97 1
116 97 1
123 97 1
7 98 7
8 98 1
12 98 1
15 98 1
17 98 8
27 98 2
28 98 1
30 98 1
35 98 2
36 98 23
37 98 2
41 98 1
42 98 1
44 98 3
48 98 1
54 98 1
57 98 29
58 98 1
59 98 1
60 98 1
61 98 9
62 98 1
64 98 2
65 98 4
66 98 6
74 98 1
77 98 1
83 98 1
90 98 14
95 98 5
96 98 1
103 98 2
106 98 6
107 98 47
108 98 4
109 98 1
110 98 1
116 98 19
117 98 5
118 98 1
121 98 2
122 98 1
123 98 1
137 98 1
98 99 1
102 99 1
30 100 1
49 100 4
65 100 2
71 100 1
85 100 1
103 100 1
115 100 1
117 100 15
119 100 1
95 101 1
100 101 1
3 102 1
62 102 2
102 102 2
103 102 1
31 103 1
53 103 1
102 103 5
117 103 1
122 103 1
137 103 1
4 104 1
7 104 1
9 104 1
14 104 7
15 104 1
18 104 2
21 104 1
26 104 4
27 104 52
28 104 1
29 104 1
39 104 1
45 104 1
46 104 5
48 104 1
52 104 1
53 104 52
54 104 14
57 104 36
58 104 34
61 104 12
75 104 3
76 104 3
77 104 2
91 104 1
93 104 2
97 104 1
102 104 1
109 104 2
119 104 5
123 104 1
137 104 4
36 105 2
87 105 2
95 105 1
103 105 4
7 106 1
9 106 3
10 106 1
14 106 1
15 106 1
17 106 1
20 106 2
26 106 1
27 106 1
28 106 1
30 106 1
31 106 1
34 106 2
36 106 3
44 106 3
54 106 2
55 106 1
56 106 1
57 106 1
61 106 1
62 106 1
66 106 1
74 106 2
75 106 1
81 106 1
96 106 1
103 106 26
104 106 1
107 106 6
108 106 47
109 106 8
110 106 2
116 106 1
117 106 1
118 106 15
121 106 1
122 106 3
123 106 1
133 106 2
134 106 1
6 107 1
9 107 4
14 107 1
15 107 1
19 107 3
28 107 1
34 107 52
36 107 3
39 107 1
42 107 1
46 107 1
47 107 1
48 107 1
51 107 3
54 107 1
56 107 1
61 107 1
71 107 1
75 107 2
86 107 13
88 107 2
89 107 1
106 107 1
108 107 5
109 107 16
110 107 3
111 107 17
118 107 1
137 107 1
3 108 2
33 108 1
46 108 16
50 108 1
93 108 1
99 108 1
106 108 3
109 108 1
118 108 4
121 108 17
13 109 1
32 109 1
47 109 2
52 109 1
60 109 2
61 109 2
76 109 2
116 109 3
137 109 1
3 110 1
6 110 1
7 110 2
8 110 2
14 110 3
21 110 24
25 110 1
27 110 1
31 110 8
34 110 1
36 110 2
37 110 2
39 110 1
41 110 5
44 110 1
46 110 3
56 110 4
57 110 1
58 110 2
59 110 1
60 110 11
61 110 16
72 110 5
76 110 1
94 110 2
97 110 1
103 110 6
104 110 2
108 110 5
110 110 4
111 110 1
118 110 1
122 110 2
123 110 5
137 110 3
138 110 2
1 111 1
46 111 1
54 111 1
55 111 1
87 111 1
98 111 1
107 111 1
109 111 4
26 112 3
29 112 1
32 112 1
34 112 1
36 112 1
45 112 3
60 112 3
63 112 3
64 112 1
110 112 7
2 113 1
11 113 2
26 113 1
27 113 1
34 113 11
41 113 4
46 113 2
54 113 1
59 113 1
61 113 9
66 113 2
68 113 4
76 113 1
84 113 1
102 113 3
111 113 11
16 114 1
28 114 2
57 114 1
97 114 1
112 114 8
113 114 1
118 114 1
132 114 1
135 114 1
137 114 4
9 115 2
87 115 14
113 115 1
4 116 4
8 116 1
11 116 1
12 116 1
21 116 6
23 116 77
24 116 1
26 116 3
28 116 1
29 116 1
30 116 2
32 116 24
33 116 1
34 116 3
39 116 2
53 116 1
54 116 1
60 116 4
61 116 7
62 116 2
65 116 1
69 116 1
86 116 2
110 116 9
111 116 12
112 116 2
114 116 1
119 116 2
138 116 1
62 117 1
30 118 1
61 118 1
102 118 1
116 118 4
55 119 1
62 119 1
65 119 1
77 119 1
117 119 1
15 120 2
60 120 1
86 120 2
88 120 1
103 120 1
118 120 4
1 121 1
18 121 1
48 121 1
49 121 2
71 121 3
74 121 1
77 121 1
86 121 1
109 121 1
117 121 5
119 121 1
10 122 2
11 122 9
14 122 1
16 122 3
20 122 2
23 122 1
25 122 4
26 122 2
28 122 3
41 122 2
63 122 2
65 122 2
68 122 1
82 122 2
90 122 1
114 122 2
120 122 5
49 123 1
121 123 2
15 124 1
18 124 1
33 124 1
83 124 1
118 124 3
122 124 1
7 125 1
8 125 1
14 125 2
31 125 1
51 125 3
62 125 1
81 125 2
86 125 1
87 125 7
107 125 7
113 125 2
117 125 1
118 125 1
123 125 4
15 126 2
90 127 1
62 128 1
126 129 1
31 130 3
88 130 1
113 130 2
125 131 1
125 132 1
15 133 1
86 133 1
131 134 1
87 135 4
15 136 1
106 137 1
119 137 1
4 138 11
7 138 1
9 138 4
15 138 1
18 138 4
19 138 2
26 138 1
28 138 1
29 138 1
31 138 2
34 138 20
37 138 1
39 138 1
41 138 1
43 138 1
45 138 1
62 138 1
67 138 1
81 138 1
84 138 1
95 138 1
96 138 1
106 138 1
107 138 7
108 138 1
110 138 5
111 138 2
113 138 1
122 138 2
123 138 4
137 138 3
4 139 2
6 139 1
9 139 1
27 139 1
34 139 3
45 139 1
56 139 2
95 139 1
107 139 1
108 139 2
112 139 1
120 139 1
123 139 1
127 139 1
138 139 1
139 140 2
2 141 1
8 141 1
15 141 4
27 141 1
42 141 1
61 141 2
62 141 4
74 141 2
111 141 5
129 141 1
136 141 1
140 141 1
141 141 1
15 142 2
62 142 1
118 142 1
137 142 1
141 142 1
142 142 1
61 143 1
