1 1 7
3 1 1
47 1 1
48 1 2
55 1 1
72 1 15
73 1 1
80 1 1
86 1 3
87 1 2
88 1 1
89 1 5
99 1 1
108 1 1
109 1 1
111 1 15
114 1 1
121 1 1
136 1 1
2 2 4
4 2 2
12 2 2
26 2 1
27 2 1
30 2 2
34 2 5
39 2 1
40 2 1
52 2 3
57 2 1
58 2 1
60 2 1
62 2 5
63 2 1
65 2 1
69 2 1
76 2 2
85 2 3
89 2 1
93 2 1
106 2 4
112 2 5
121 2 1
122 2 1
130 2 4
3 3 1
4 3 19
6 3 1
9 3 12
14 3 1
21 3 1
22 3 1
38 3 1
39 3 15
43 3 1
51 3 1
57 3 1
58 3 1
60 3 1
61 3 1
62 3 5
75 3 1
91 3 1
97 3 1
109 3 1
110 3 3
112 3 2
113 3 5
114 3 3
124 3 1
125 3 2
2 4 1
3 4 1
4 4 2
11 4 1
18 4 5
19 4 20
21 4 1
27 4 7
28 4 1
33 4 2
34 4 1
40 4 2
43 4 1
54 4 1
55 4 4
58 4 2
62 4 1
83 4 1
106 4 2
112 4 7
113 4 1
115 4 1
124 4 3
137 4 1
41 5 1
88 5 1
89 5 1
140 5 1
6 6 1
7 6 1
10 6 2
18 6 2
21 6 2
23 6 3
30 6 1
34 6 1
39 6 1
43 6 1
56 6 2
63 6 1
72 6 2
78 6 1
93 6 1
105 6 1
109 6 4
110 6 3
120 6 1
121 6 1
6 7 1
7 7 1
8 7 2
19 7 1
37 7 1
39 7 1
77 7 1
91 7 2
110 7 4
113 7 1
137 7 1
9 8 3
14 8 1
24 8 1
53 8 1
69 8 1
70 8 2
96 8 1
97 8 1
114 8 1
131 8 1
3 9 1
4 9 2
6 9 1
7 9 3
8 9 5
9 9 3
11 9 1
14 9 9
19 9 1
20 9 1
31 9 4
34 9 1
36 9 4
37 9 2
38 9 1
39 9 1
44 9 4
55 9 2
59 9 1
75 9 7
85 9 1
90 9 1
91 9 1
114 9 1
115 9 4
120 9 1
124 9 3
137 9 3
1 10 42
2 10 3
4 10 1
5 10 1
9 10 1
10 10 1
13 10 1
16 10 1
18 10 6
20 10 5
23 10 1
25 10 1
26 10 1
27 10 2
28 10 1
29 10 1
31 10 2
33 10 3
34 10 1
35 10 1
39 10 1
44 10 1
47 10 1
55 10 2
57 10 4
58 10 1
63 10 2
78 10 1
92 10 1
94 10 1
105 10 1
106 10 4
112 10 1
113 10 1
114 10 2
115 10 5
124 10 1
129 10 1
11 11 5
13 11 1
15 11 2
17 11 2
20 11 2
23 11 2
24 11 1
25 11 18
26 11 4
28 11 3
30 11 2
31 11 2
32 11 3
36 11 3
41 11 4
55 11 1
58 11 1
64 11 2
65 11 2
66 11 1
69 11 4
71 11 4
76 11 1
87 11 1
110 11 1
113 11 2
122 11 1
1 12 1
12 12 1
13 12 1
14 12 1
15 12 1
17 12 1
23 12 1
26 12 3
27 12 2
28 12 3
43 12 1
62 12 2
63 12 4
68 12 1
87 12 3
89 12 1
97 12 1
98 12 2
112 12 1
113 12 10
4 13 1
13 13 2
15 13 1
18 13 1
20 13 1
21 13 2
26 13 1
27 13 2
28 13 2
29 13 1
30 13 1
31 13 1
33 13 1
34 13 9
37 13 1
38 13 2
42 13 1
43 13 1
48 13 1
57 13 1
58 13 1
61 13 1
62 13 1
63 13 1
70 13 2
71 13 1
84 13 1
106 13 1
110 13 1
113 13 2
118 13 1
124 13 1
3 14 1
9 14 4
11 14 1
13 14 1
14 14 4
16 14 1
20 14 2
24 14 2
28 14 1
31 14 1
33 14 1
37 14 1
38 14 1
39 14 1
50 14 1
59 14 1
60 14 1
67 14 3
69 14 2
93 14 6
94 14 7
110 14 2
125 14 11
137 14 3
4 15 3
12 15 1
13 15 1
15 15 11
16 15 2
18 15 1
22 15 1
23 15 1
24 15 1
26 15 2
27 15 1
30 15 1
31 15 1
34 15 1
44 15 1
48 15 1
55 15 1
58 15 2
63 15 3
66 15 1
81 15 5
85 15 1
98 15 2
103 15 1
109 15 1
112 15 1
113 15 3
116 15 1
124 15 2
137 15 1
3 16 1
4 16 16
5 16 1
12 16 1
13 16 1
15 16 5
16 16 4
18 16 1
23 16 12
25 16 2
26 16 2
27 16 8
28 16 6
30 16 21
31 16 1
33 16 2
34 16 19
35 16 1
39 16 1
40 16 1
43 16 7
44 16 1
48 16 3
53 16 1
54 16 1
58 16 6
61 16 1
62 16 6
63 16 6
65 16 1
68 16 1
75 16 4
85 16 1
98 16 1
110 16 3
112 16 1
113 16 19
118 16 4
120 16 2
124 16 1
2 17 1
6 17 1
13 17 1
15 17 1
42 17 1
55 17 1
58 17 4
59 17 1
61 17 1
62 17 1
63 17 1
74 17 1
92 17 1
102 17 1
113 17 1
124 17 1
135 17 1
1 18 1
6 18 5
9 18 1
10 18 2
12 18 2
14 18 1
15 18 21
18 18 5
23 18 1
26 18 9
28 18 5
36 18 1
38 18 1
39 18 1
42 18 2
47 18 2
63 18 2
66 18 7
72 18 1
83 18 1
99 18 1
105 18 1
110 18 9
112 18 1
113 18 7
116 18 1
124 18 1
4 19 4
6 19 2
15 19 1
26 19 1
38 19 10
40 19 1
43 19 1
57 19 4
63 19 35
78 19 1
113 19 2
120 19 1
137 19 11
2 20 1
11 20 1
17 20 1
18 20 2
20 20 3
24 20 2
25 20 3
26 20 2
29 20 2
31 20 3
39 20 2
42 20 2
47 20 1
59 20 6
60 20 2
62 20 1
63 20 1
64 20 1
66 20 1
69 20 3
70 20 2
71 20 3
76 20 1
83 20 2
90 20 2
92 20 1
100 20 1
112 20 2
113 20 2
121 20 2
122 20 5
125 20 2
1 21 2
2 21 4
6 21 4
8 21 2
9 21 1
10 21 1
16 21 2
18 21 1
20 21 1
21 21 2
23 21 2
25 21 2
27 21 3
28 21 2
31 21 2
34 21 1
38 21 1
39 21 1
40 21 3
41 21 1
42 21 2
51 21 1
52 21 2
54 21 1
63 21 3
65 21 1
70 21 1
72 21 1
76 21 2
82 21 1
84 21 1
91 21 3
92 21 1
94 21 2
97 21 2
110 21 7
124 21 1
128 21 2
20 22 1
22 22 4
23 22 1
24 22 2
26 22 1
33 22 2
69 22 1
113 22 2
2 23 1
12 23 1
15 23 1
23 23 7
26 23 2
28 23 6
30 23 1
32 23 1
33 23 2
34 23 4
41 23 2
52 23 2
59 23 2
62 23 3
64 23 3
65 23 1
66 23 2
69 23 1
112 23 3
122 23 2
12 24 2
15 24 1
25 24 2
27 24 1
29 24 1
32 24 2
41 24 16
55 24 2
62 24 2
68 24 3
70 24 1
71 24 1
106 24 1
112 24 1
116 24 3
122 24 4
2 25 2
4 25 1
10 25 1
11 25 5
13 25 1
15 25 2
17 25 1
20 25 8
22 25 4
24 25 1
25 25 13
27 25 2
28 25 1
29 25 1
30 25 1
34 25 1
39 25 1
41 25 5
69 25 1
70 25 2
71 25 1
76 25 1
98 25 2
106 25 3
116 25 1
122 25 1
2 26 1
4 26 2
13 26 1
15 26 1
17 26 2
23 26 2
26 26 2
34 26 10
55 26 1
61 26 2
62 26 7
63 26 1
64 26 1
65 26 1
66 26 1
67 26 1
70 26 1
112 26 5
113 26 1
122 26 2
3 27 1
10 27 1
13 27 2
15 27 1
23 27 1
26 27 12
27 27 1
28 27 1
29 27 1
34 27 1
36 27 1
41 27 1
42 27 5
43 27 3
44 27 1
46 27 1
58 27 2
61 27 1
62 27 2
63 27 2
65 27 1
74 27 1
112 27 3
113 27 2
3 28 1
4 28 1
23 28 8
26 28 1
28 28 5
31 28 3
33 28 5
34 28 3
42 28 3
44 28 2
46 28 1
58 28 6
61 28 5
63 28 2
66 28 2
67 28 1
70 28 1
83 28 1
84 28 1
85 28 1
86 28 1
103 28 3
112 28 2
116 28 1
23 29 1
25 29 1
32 29 1
33 29 2
46 29 2
63 29 1
112 29 1
2 30 1
15 30 1
16 30 2
23 30 1
27 30 1
29 30 2
30 30 3
41 30 2
61 30 1
62 30 52
64 30 1
67 30 3
85 30 7
112 30 2
15 31 1
27 31 1
31 31 1
42 31 2
50 31 1
54 31 2
55 31 2
60 31 1
69 31 1
75 31 1
90 31 1
97 31 2
105 31 1
114 31 1
14 32 1
23 32 1
24 32 1
31 32 1
32 32 7
58 32 1
59 32 2
64 32 1
65 32 1
68 32 1
113 32 1
122 32 1
13 33 1
26 33 2
28 33 2
32 33 1
33 33 1
64 33 1
2 34 1
20 34 2
26 34 1
27 34 1
34 34 4
41 34 1
97 34 3
4 35 4
9 35 23
18 35 1
25 35 2
26 35 1
27 35 1
42 35 2
45 35 1
62 35 2
98 35 1
110 35 22
113 35 2
125 35 2
127 35 1
128 35 1
3 36 1
6 36 2
9 36 1
10 36 12
12 36 1
14 36 2
15 36 2
21 36 1
23 36 1
27 36 1
31 36 4
34 36 5
36 36 2
38 36 5
39 36 3
44 36 3
51 36 1
54 36 1
56 36 1
58 36 1
59 36 1
62 36 1
67 36 1
71 36 2
73 36 1
88 36 1
91 36 1
97 36 1
109 36 1
110 36 2
113 36 7
115 36 7
137 36 1
2 37 1
3 37 1
9 37 3
27 37 1
37 37 2
73 37 1
90 37 1
91 37 1
110 37 1
137 37 1
6 38 2
8 38 1
9 38 6
13 38 1
16 38 2
19 38 1
21 38 1
23 38 1
24 38 1
35 38 2
36 38 6
38 38 1
40 38 2
53 38 1
65 38 4
67 38 1
73 38 2
84 38 1
110 38 18
134 38 1
137 38 1
3 39 1
4 39 1
8 39 2
9 39 2
10 39 1
14 39 1
29 39 1
32 39 1
39 39 4
41 39 1
48 39 1
71 39 1
89 39 1
114 39 1
4 40 1
9 40 4
25 40 9
31 40 19
40 40 1
41 40 2
56 40 1
58 40 2
61 40 10
88 40 2
97 40 2
109 40 1
112 40 1
11 41 1
23 41 2
24 41 1
27 41 2
28 41 2
41 41 6
43 41 2
58 41 2
59 41 7
61 41 1
64 41 1
77 41 5
85 41 2
92 41 1
137 41 1
3 42 1
10 42 1
23 42 1
24 42 1
26 42 6
27 42 4
31 42 1
33 42 2
34 42 19
41 42 1
42 42 3
43 42 3
45 42 1
58 42 1
61 42 9
62 42 2
63 42 1
69 42 1
97 42 1
112 42 2
113 42 2
6 43 2
9 43 1
13 43 1
16 43 1
23 43 1
36 43 5
43 43 3
49 43 1
56 43 1
57 43 5
58 43 2
62 43 2
63 43 9
85 43 1
106 43 10
109 43 1
110 43 1
113 43 1
120 43 4
27 44 1
37 44 1
41 44 1
44 44 1
52 44 1
53 44 1
63 44 2
70 44 2
96 44 1
118 44 1
6 45 2
7 45 2
8 45 8
9 45 6
11 45 3
15 45 2
22 45 3
23 45 2
24 45 2
27 45 1
30 45 1
38 45 1
42 45 1
44 45 19
45 45 2
47 45 1
52 45 1
54 45 1
55 45 4
62 45 1
72 45 1
79 45 2
88 45 18
95 45 2
96 45 5
101 45 1
103 45 3
109 45 4
110 45 3
115 45 3
118 45 2
120 45 10
137 45 2
46 46 1
48 46 1
78 46 1
81 46 1
94 46 1
133 46 1
1 47 1
6 47 1
14 47 1
18 47 2
62 47 1
76 47 1
93 47 1
108 47 7
5 48 1
23 48 1
46 48 1
76 48 1
79 48 1
88 48 1
103 48 1
105 48 2
108 48 3
123 48 1
48 49 1
56 49 1
71 49 4
72 49 1
74 49 1
87 49 1
121 49 1
123 49 1
58 50 1
92 50 1
1 51 1
5 51 1
6 51 1
9 51 16
27 51 1
36 51 15
38 51 2
39 51 1
42 51 1
51 51 1
72 51 1
88 51 1
91 51 1
105 51 5
111 51 1
118 51 2
120 51 1
125 51 34
20 52 5
34 52 2
45 52 1
46 52 1
52 52 1
62 52 2
79 52 1
88 52 1
94 52 1
103 52 1
113 52 1
121 52 1
23 53 1
53 53 1
101 53 7
103 53 1
118 53 25
4 54 50
6 54 5
9 54 1
16 54 2
27 54 3
28 54 1
33 54 9
34 54 24
36 54 3
42 54 10
57 54 2
103 54 1
112 54 3
120 54 15
137 54 5
4 55 2
10 55 1
21 55 4
28 55 2
29 55 1
34 55 1
35 55 2
49 55 1
76 55 1
93 55 1
113 55 1
124 55 2
9 56 1
36 56 1
49 56 1
50 56 1
84 56 1
86 56 1
98 56 1
102 56 1
108 56 1
110 56 1
112 56 1
137 56 1
21 57 1
30 57 1
33 57 1
37 57 1
48 57 1
57 57 1
76 57 1
80 57 1
81 57 9
99 57 2
104 57 1
123 57 1
4 58 2
9 58 1
12 58 1
17 58 1
21 58 1
28 58 3
34 58 4
58 58 6
61 58 1
64 58 2
66 58 46
85 58 1
110 58 1
112 58 20
113 58 2
7 59 1
9 59 4
11 59 2
14 59 2
16 59 1
18 59 1
19 59 2
20 59 1
22 59 1
23 59 2
24 59 1
28 59 2
32 59 2
39 59 3
41 59 3
55 59 1
58 59 1
59 59 2
60 59 1
62 59 1
69 59 6
70 59 1
71 59 2
77 59 2
88 59 1
90 59 3
91 59 1
112 59 1
113 59 1
122 59 1
125 59 1
20 60 1
31 60 2
60 60 1
88 60 1
28 61 6
34 61 1
61 61 1
112 61 3
9 62 1
10 62 1
12 62 1
16 62 1
18 62 1
21 62 1
62 62 4
67 62 1
97 62 1
2 63 1
7 63 1
12 63 1
20 63 1
26 63 1
28 63 3
38 63 1
63 63 4
67 63 1
94 63 1
103 63 2
12 64 1
62 64 1
64 64 1
66 64 1
20 65 1
25 65 4
27 65 1
29 65 1
41 65 1
44 65 1
59 65 1
65 65 5
68 65 1
71 65 4
83 65 1
112 65 1
124 65 2
26 66 1
33 66 2
45 66 1
62 66 1
3 67 1
14 67 1
16 67 1
27 67 1
34 67 2
38 67 1
52 67 1
63 67 1
64 67 1
66 67 2
79 67 1
80 67 1
81 67 15
99 67 1
112 67 7
113 67 4
117 67 1
119 67 1
11 68 2
13 68 1
20 68 2
24 68 2
25 68 2
29 68 2
30 68 2
31 68 1
41 68 4
65 68 2
66 68 2
68 68 15
69 68 2
70 68 9
71 68 1
84 68 1
105 68 2
122 68 12
20 69 5
22 69 1
23 69 2
24 69 2
25 69 3
30 69 1
34 69 2
59 69 3
68 69 6
69 69 6
70 69 1
71 69 24
90 69 1
106 69 2
112 69 1
122 69 13
7 70 1
16 70 1
20 70 8
24 70 2
26 70 1
28 70 1
41 70 7
59 70 6
60 70 5
65 70 2
70 70 2
71 70 3
85 70 2
113 70 6
122 70 7
11 71 4
16 71 1
20 71 1
22 71 1
24 71 2
25 71 7
29 71 1
30 71 2
34 71 2
49 71 8
55 71 1
59 71 3
62 71 1
68 71 6
69 71 6
70 71 5
71 71 13
103 71 4
115 71 2
116 71 2
122 71 16
46 72 1
49 72 1
72 72 1
79 72 3
87 72 1
88 72 1
99 72 13
11 73 1
14 73 1
47 73 1
73 73 1
88 73 1
107 73 1
108 73 1
109 73 3
125 73 1
28 74 2
31 74 1
75 74 1
92 74 1
100 74 1
116 74 1
118 74 1
6 75 1
16 75 1
47 75 1
76 75 4
5 76 1
31 76 1
54 76 1
77 76 1
105 76 1
119 76 3
1 77 3
16 77 1
34 77 1
46 77 1
63 77 1
78 77 1
103 77 3
111 77 1
112 77 1
136 77 1
48 78 1
80 78 1
81 79 1
9 80 2
55 80 1
2 81 1
14 81 1
18 81 1
31 81 2
34 81 4
62 81 3
65 81 1
93 81 1
106 81 1
112 81 1
4 82 1
12 82 1
15 82 1
24 82 2
26 82 1
31 82 1
54 82 1
64 82 3
93 82 1
98 82 1
4 83 2
14 83 2
15 83 3
18 83 1
22 83 1
24 83 1
25 83 2
26 83 69
27 83 4
28 83 2
31 83 1
34 83 12
42 83 1
58 83 6
101 83 1
112 83 23
113 83 1
6 84 1
49 84 1
78 84 1
86 84 1
117 84 2
47 85 1
63 85 1
87 85 2
1 86 1
88 86 2
116 86 1
86 87 1
98 87 1
115 87 1
120 87 1
123 87 4
3 88 1
4 88 1
9 88 1
10 88 1
16 88 2
18 88 2
23 88 4
24 88 2
59 88 2
60 88 1
68 88 1
133 88 1
12 89 1
40 89 1
58 89 1
60 89 1
62 89 6
69 89 2
91 89 4
92 89 3
98 89 1
106 89 1
3 90 1
4 90 2
10 90 1
17 90 2
21 90 1
34 90 6
38 90 6
39 90 1
59 90 2
71 90 1
84 90 1
6 91 1
12 91 2
30 91 1
60 91 1
76 91 2
79 91 2
96 91 1
44 92 1
57 92 1
76 92 25
77 92 2
103 92 1
108 92 1
112 92 1
121 92 4
6 93 1
8 93 1
44 93 1
45 93 1
95 93 1
96 93 1
137 93 1
9 94 1
42 94 2
44 94 2
52 94 1
95 94 1
96 94 1
100 94 1
113 94 2
10 95 1
31 95 1
36 95 1
55 95 2
62 95 1
64 95 1
97 95 1
102 95 1
113 95 1
2 96 1
9 96 1
21 96 1
30 96 2
35 96 1
36 96 10
37 96 5
58 96 1
62 96 1
98 96 1
109 96 5
110 96 2
114 96 1
118 96 5
124 96 1
7 97 1
27 97 1
30 97 2
44 97 1
67 97 1
76 97 1
88 97 1
99 97 1
103 97 1
119 97 1
120 97 1
49 98 1
63 98 1
101 98 3
102 98 2
108 98 2
118 98 1
96 99 2
102 99 1
6 100 1
27 100 1
45 100 2
49 100 3
79 100 1
9 101 2
14 101 1
15 101 1
20 101 1
27 101 5
39 101 1
48 101 1
54 101 1
59 101 11
62 101 3
76 101 29
77 101 2
78 101 1
91 101 2
94 101 1
104 101 1
108 101 1
121 101 3
125 101 4
137 101 3
18 102 3
46 102 1
86 102 1
88 102 15
105 102 2
2 103 2
9 103 3
17 103 1
20 103 1
21 103 1
24 103 3
28 103 1
30 103 2
36 103 2
39 103 3
42 103 1
58 103 1
75 103 1
104 103 1
110 103 35
120 103 1
124 103 5
9 104 1
14 104 1
27 104 1
34 104 4
39 104 2
43 104 1
58 104 1
82 104 1
87 104 10
89 104 3
105 104 7
108 104 1
113 104 4
115 104 1
48 105 1
56 105 1
76 105 1
108 105 1
120 105 1
132 105 2
18 106 1
32 106 2
47 106 1
59 106 1
75 106 1
76 106 1
90 106 1
101 106 1
109 106 1
125 106 13
138 106 1
7 107 1
10 107 1
14 107 1
19 107 3
21 107 2
25 107 10
31 107 1
37 107 2
38 107 1
56 107 1
57 107 6
58 107 1
61 107 2
69 107 1
98 107 6
106 107 3
110 107 6
113 107 1
124 107 6
125 107 2
138 107 3
1 108 1
9 108 2
38 108 1
79 108 1
87 108 1
111 108 1
2 109 12
12 109 3
15 109 1
20 109 2
23 109 1
26 109 2
27 109 1
29 109 1
42 109 1
45 109 1
61 109 2
66 109 1
112 109 5
2 110 1
12 110 1
15 110 1
32 110 1
33 110 1
58 110 1
61 110 1
62 110 2
63 110 1
68 110 2
71 110 1
112 110 1
113 110 13
121 110 1
124 110 1
4 111 1
10 111 1
23 111 1
55 111 2
107 111 1
114 111 1
137 111 1
115 112 3
121 112 1
2 113 1
4 113 2
10 113 1
15 113 1
16 113 2
17 113 1
21 113 25
23 113 3
25 113 1
26 113 2
27 113 1
28 113 2
29 113 1
30 113 3
32 113 1
34 113 1
42 113 1
43 113 2
55 113 2
61 113 3
62 113 1
63 113 1
65 113 1
76 113 1
77 113 1
112 113 1
113 113 10
124 113 4
45 114 1
62 114 1
137 114 1
1 115 1
6 115 2
15 115 1
78 115 1
121 115 6
1 116 1
9 116 2
89 116 1
120 116 1
16 117 1
46 117 1
49 117 2
78 117 1
79 117 2
11 118 4
13 118 1
16 118 5
19 118 1
20 118 2
25 118 5
26 118 8
27 118 1
28 118 1
33 118 1
35 118 2
36 118 2
41 118 11
42 118 4
59 118 4
65 118 4
66 118 4
68 118 3
69 118 1
70 118 8
71 118 4
106 118 2
116 118 7
122 118 25
48 119 1
16 120 1
18 120 1
28 120 1
110 120 2
124 120 2
126 120 2
133 120 1
9 121 1
30 121 1
31 121 2
60 121 2
120 121 2
125 121 5
137 121 1
97 122 1
127 122 1
128 123 1
62 124 1
115 124 1
130 125 1
130 126 1
135 126 1
1 127 1
78 127 1
85 127 1
136 127 1
88 128 3
1 129 2
7 129 1
14 129 3
15 129 1
18 129 1
27 129 1
28 129 2
33 129 3
34 129 14
38 129 2
39 129 1
51 129 1
57 129 1
58 129 1
87 129 1
109 129 6
110 129 2
112 129 1
113 129 1
45 130 1
54 130 2
75 130 1
86 130 1
89 130 1
95 130 1
97 130 1
100 130 1
109 130 1
110 130 1
138 130 1
139 131 1
15 132 1
131 132 1
136 132 1
140 132 1
106 133 1
141 133 1
142 134 7
