1 1 11
4 1 2
10 1 4
13 1 1
14 1 1
27 1 1
39 1 1
44 1 1
48 1 1
49 1 1
55 1 1
72 1 1
78 1 12
86 1 2
87 1 3
89 1 5
91 1 1
98 1 1
105 1 1
108 1 3
109 1 1
111 1 2
115 1 1
120 1 2
121 1 2
123 1 1
2 2 3
4 2 3
6 2 1
10 2 10
17 2 1
25 2 1
26 2 6
27 2 1
28 2 2
31 2 1
34 2 1
42 2 1
55 2 1
61 2 1
62 2 2
63 2 1
69 2 1
83 2 4
106 2 1
112 2 6
113 2 1
122 2 1
3 3 5
4 3 1
7 3 2
9 3 4
10 3 1
15 3 2
16 3 1
18 3 5
19 3 9
20 3 1
21 3 5
24 3 1
26 3 1
27 3 3
28 3 3
31 3 4
33 3 2
34 3 2
36 3 5
38 3 2
39 3 1
42 3 1
43 3 1
44 3 2
51 3 1
54 3 3
59 3 3
63 3 6
67 3 7
69 3 1
82 3 1
83 3 1
90 3 1
91 3 4
92 3 1
98 3 8
103 3 1
104 3 4
106 3 1
108 3 1
112 3 1
113 3 4
120 3 1
124 3 1
125 3 2
2 4 10
3 4 4
4 4 1
6 4 2
10 4 10
11 4 3
12 4 1
13 4 1
15 4 3
16 4 2
17 4 5
18 4 2
19 4 2
21 4 1
23 4 1
26 4 4
27 4 3
28 4 1
30 4 2
34 4 3
35 4 1
40 4 4
41 4 1
42 4 3
43 4 2
47 4 1
54 4 29
55 4 3
58 4 4
61 4 3
63 4 1
67 4 3
69 4 2
84 4 7
92 4 3
107 4 1
112 4 1
113 4 4
116 4 1
124 4 1
140 4 1
12 5 1
39 5 1
75 5 1
89 5 1
100 5 1
113 5 2
3 6 3
6 6 6
7 6 1
10 6 1
16 6 1
18 6 6
19 6 2
21 6 8
36 6 1
37 6 2
43 6 1
45 6 1
47 6 1
49 6 1
54 6 7
63 6 1
70 6 2
72 6 2
75 6 2
78 6 2
97 6 1
102 6 1
105 6 1
119 6 1
125 6 1
134 6 1
1 7 1
3 7 5
6 7 1
7 7 1
9 7 5
10 7 1
14 7 1
36 7 2
37 7 5
38 7 1
43 7 2
45 7 5
54 7 1
56 7 2
58 7 2
89 7 1
90 7 3
92 7 1
95 7 1
97 7 2
101 7 2
109 7 1
110 7 1
125 7 5
139 7 1
140 7 2
1 8 3
4 8 2
7 8 1
8 8 1
9 8 10
11 8 2
12 8 1
14 8 2
28 8 1
36 8 5
38 8 1
39 8 1
44 8 1
45 8 41
54 8 1
58 8 2
85 8 1
97 8 1
98 8 3
104 8 1
110 8 4
115 8 1
118 8 1
125 8 1
140 8 2
141 8 2
2 9 3
3 9 10
4 9 3
5 9 2
6 9 3
7 9 5
8 9 3
9 9 6
10 9 12
12 9 1
13 9 1
14 9 7
15 9 2
16 9 1
18 9 3
19 9 1
20 9 4
21 9 7
26 9 1
28 9 1
31 9 4
34 9 1
35 9 3
36 9 5
37 9 1
38 9 2
39 9 1
40 9 2
43 9 4
44 9 2
45 9 17
46 9 1
49 9 2
51 9 1
52 9 1
54 9 5
55 9 2
56 9 2
57 9 3
59 9 4
60 9 2
63 9 1
64 9 1
67 9 1
70 9 1
73 9 1
75 9 2
76 9 11
78 9 1
87 9 2
88 9 4
90 9 2
91 9 2
93 9 1
95 9 1
96 9 1
98 9 5
101 9 1
104 9 8
106 9 3
107 9 14
108 9 1
111 9 8
113 9 1
118 9 1
121 9 1
125 9 5
137 9 1
140 9 2
141 9 13
1 10 6
3 10 1
4 10 2
5 10 1
6 10 1
8 10 1
10 10 3
12 10 1
13 10 3
16 10 2
18 10 8
19 10 1
20 10 1
24 10 1
25 10 6
28 10 1
34 10 1
40 10 2
43 10 1
50 10 1
51 10 2
54 10 1
57 10 2
61 10 1
63 10 11
66 10 1
76 10 1
82 10 1
98 10 1
107 10 1
110 10 2
112 10 2
113 10 2
115 10 4
124 10 5
1 11 2
6 11 1
9 11 1
10 11 1
11 11 15
15 11 3
18 11 5
20 11 4
24 11 1
25 11 22
26 11 1
27 11 3
28 11 4
30 11 1
32 11 1
33 11 2
34 11 3
35 11 1
41 11 1
42 11 4
44 11 1
63 11 4
68 11 9
69 11 3
70 11 4
71 11 4
98 11 1
106 11 2
107 11 2
112 11 1
113 11 6
122 11 8
124 11 1
140 11 1
3 12 1
4 12 3
12 12 2
13 12 1
15 12 1
16 12 1
24 12 1
26 12 1
27 12 2
28 12 2
31 12 1
35 12 3
39 12 1
40 12 1
54 12 1
62 12 1
63 12 1
66 12 1
97 12 2
98 12 3
112 12 1
113 12 1
116 12 1
4 13 1
13 13 4
15 13 1
18 13 4
20 13 1
21 13 2
24 13 1
25 13 3
26 13 1
28 13 1
40 13 3
42 13 1
63 13 1
65 13 1
68 13 3
84 13 1
98 13 4
122 13 1
2 14 1
3 14 1
4 14 1
9 14 7
10 14 1
11 14 1
13 14 2
14 14 12
16 14 1
18 14 2
19 14 1
20 14 12
21 14 17
26 14 1
28 14 2
32 14 1
36 14 3
38 14 1
39 14 1
40 14 2
44 14 1
45 14 1
55 14 1
59 14 6
60 14 1
69 14 1
70 14 2
73 14 1
82 14 1
84 14 1
85 14 1
89 14 1
90 14 4
91 14 1
95 14 1
97 14 7
104 14 27
107 14 1
110 14 2
120 14 1
125 14 4
140 14 1
1 15 1
6 15 1
9 15 2
10 15 2
11 15 2
12 15 1
13 15 1
15 15 3
16 15 2
18 15 4
21 15 1
22 15 1
23 15 3
24 15 1
26 15 1
27 15 3
30 15 2
32 15 1
34 15 4
35 15 1
36 15 2
37 15 1
38 15 4
42 15 1
43 15 3
58 15 4
59 15 2
62 15 2
66 15 1
69 15 2
73 15 1
78 15 1
79 15 1
83 15 1
100 15 1
107 15 1
113 15 2
121 15 1
4 16 4
10 16 1
13 16 1
16 16 13
17 16 1
18 16 3
21 16 1
25 16 3
27 16 3
28 16 3
29 16 1
34 16 1
35 16 2
42 16 4
60 16 1
62 16 1
63 16 2
64 16 1
65 16 1
68 16 1
70 16 1
75 16 1
76 16 1
81 16 1
98 16 1
99 16 1
113 16 8
114 16 1
115 16 1
122 16 6
1 17 3
4 17 1
6 17 4
10 17 1
12 17 2
13 17 1
15 17 2
17 17 1
18 17 1
21 17 1
26 17 1
27 17 5
32 17 1
34 17 1
39 17 1
40 17 1
41 17 1
42 17 3
54 17 1
58 17 2
62 17 5
70 17 1
73 17 1
83 17 1
84 17 1
85 17 1
94 17 1
108 17 2
118 17 1
140 17 1
1 18 2
2 18 1
3 18 1
4 18 3
9 18 2
12 18 1
14 18 1
16 18 1
17 18 1
18 18 6
19 18 1
21 18 2
25 18 1
26 18 3
27 18 4
28 18 1
34 18 1
40 18 1
45 18 2
58 18 1
59 18 1
62 18 1
72 18 2
84 18 1
97 18 1
98 18 2
104 18 6
110 18 1
116 18 3
1 19 1
2 19 1
4 19 8
10 19 8
12 19 2
15 19 2
16 19 2
18 19 2
19 19 2
21 19 6
28 19 1
35 19 1
36 19 2
38 19 1
42 19 1
54 19 1
73 19 1
103 19 1
104 19 3
107 19 2
110 19 1
140 19 3
141 19 1
3 20 3
5 20 1
6 20 2
9 20 5
10 20 4
11 20 2
13 20 1
14 20 5
15 20 1
16 20 1
18 20 1
19 20 1
20 20 13
23 20 1
24 20 5
25 20 3
29 20 1
30 20 1
31 20 1
33 20 2
36 20 1
39 20 1
41 20 1
42 20 5
43 20 1
45 20 1
48 20 1
51 20 5
55 20 5
58 20 1
59 20 6
60 20 3
61 20 3
62 20 3
63 20 2
65 20 2
68 20 2
69 20 16
70 20 13
71 20 1
73 20 2
83 20 1
85 20 2
89 20 1
90 20 9
91 20 1
92 20 2
104 20 1
106 20 1
108 20 1
110 20 1
112 20 3
113 20 4
114 20 1
115 20 1
122 20 2
125 20 4
140 20 3
1 21 4
2 21 2
3 21 1
6 21 2
9 21 1
10 21 2
11 21 3
12 21 2
13 21 3
14 21 1
15 21 4
16 21 2
21 21 6
22 21 1
27 21 2
29 21 1
36 21 1
40 21 1
45 21 1
47 21 3
51 21 10
54 21 2
57 21 1
59 21 2
63 21 2
64 21 1
70 21 2
71 21 1
73 21 8
82 21 4
83 21 1
84 21 1
87 21 1
95 21 1
97 21 4
98 21 4
107 21 1
108 21 1
110 21 4
112 21 2
113 21 2
115 21 1
116 21 8
120 21 1
125 21 1
126 21 2
136 21 1
140 21 1
3 22 1
6 22 1
11 22 7
12 22 1
14 22 2
16 22 2
22 22 4
24 22 1
25 22 1
26 22 1
28 22 1
32 22 1
36 22 1
42 22 1
55 22 1
58 22 4
59 22 3
62 22 2
65 22 2
68 22 3
69 22 3
70 22 3
71 22 3
73 22 2
111 22 1
112 22 2
116 22 1
122 22 4
125 22 2
2 23 2
4 23 3
7 23 2
10 23 10
11 23 4
12 23 1
15 23 13
16 23 7
17 23 2
18 23 1
20 23 1
21 23 2
23 23 3
24 23 2
26 23 5
27 23 4
28 23 6
30 23 8
31 23 1
32 23 3
33 23 9
34 23 30
35 23 10
38 23 1
39 23 2
40 23 1
41 23 4
42 23 11
43 23 6
52 23 2
55 23 1
58 23 4
59 23 1
61 23 2
62 23 1
63 23 1
65 23 3
67 23 1
68 23 1
69 23 3
71 23 2
73 23 1
75 23 1
83 23 1
84 23 1
85 23 7
97 23 1
103 23 3
107 23 1
112 23 15
114 23 4
116 23 2
125 23 1
2 24 4
6 24 1
8 24 2
10 24 3
11 24 4
12 24 1
13 24 2
15 24 11
16 24 2
17 24 1
20 24 5
23 24 1
24 24 3
25 24 1
26 24 17
27 24 1
28 24 1
29 24 1
30 24 2
31 24 3
32 24 1
33 24 1
34 24 4
35 24 1
40 24 7
42 24 16
48 24 1
52 24 1
54 24 2
58 24 1
59 24 2
62 24 3
64 24 4
65 24 1
66 24 2
67 24 2
68 24 5
69 24 2
70 24 4
83 24 1
85 24 5
112 24 3
113 24 3
122 24 4
2 25 2
4 25 2
11 25 13
14 25 1
16 25 2
17 25 1
18 25 2
21 25 3
23 25 1
24 25 3
25 25 8
26 25 1
27 25 7
30 25 1
31 25 2
35 25 2
39 25 1
40 25 3
41 25 1
43 25 2
51 25 3
55 25 1
59 25 2
64 25 2
65 25 2
66 25 1
68 25 3
69 25 12
70 25 7
71 25 7
94 25 1
98 25 1
110 25 7
116 25 1
122 25 4
1 26 15
2 26 1
4 26 1
6 26 8
7 26 1
9 26 1
10 26 9
12 26 4
13 26 2
15 26 5
16 26 1
17 26 3
18 26 3
20 26 2
23 26 3
24 26 1
26 26 7
27 26 6
28 26 1
30 26 2
34 26 9
39 26 1
40 26 1
42 26 30
43 26 2
55 26 1
58 26 2
66 26 1
69 26 1
70 26 3
71 26 7
75 26 1
78 26 1
84 26 1
85 26 2
88 26 1
95 26 2
100 26 1
106 26 1
107 26 1
109 26 1
111 26 2
112 26 7
113 26 2
116 26 1
124 26 2
125 26 1
128 26 1
3 27 1
4 27 6
10 27 3
11 27 1
12 27 3
13 27 1
14 27 2
15 27 2
16 27 9
17 27 3
18 27 1
20 27 1
21 27 2
23 27 2
26 27 2
27 27 3
31 27 2
33 27 1
34 27 2
40 27 1
42 27 2
43 27 3
45 27 3
58 27 1
61 27 1
62 27 6
63 27 2
66 27 1
67 27 1
69 27 1
71 27 1
73 27 1
83 27 1
84 27 2
85 27 6
89 27 1
90 27 1
92 27 2
93 27 2
104 27 22
106 27 1
107 27 2
109 27 1
110 27 1
112 27 7
113 27 4
121 27 1
122 27 3
123 27 1
140 27 1
4 28 1
10 28 1
11 28 2
15 28 1
16 28 9
23 28 5
25 28 2
28 28 4
32 28 1
34 28 11
35 28 1
37 28 1
40 28 2
41 28 1
42 28 3
43 28 3
44 28 1
55 28 1
61 28 1
67 28 4
69 28 1
71 28 3
85 28 1
92 28 1
97 28 1
104 28 3
112 28 2
113 28 1
120 28 1
122 28 1
10 29 5
11 29 1
12 29 2
13 29 2
16 29 8
23 29 1
24 29 6
25 29 1
26 29 5
27 29 2
30 29 1
34 29 2
39 29 1
40 29 3
41 29 1
42 29 5
43 29 1
58 29 1
61 29 1
62 29 3
63 29 1
65 29 1
66 29 4
67 29 3
69 29 1
73 29 2
85 29 1
112 29 3
113 29 1
2 30 2
10 30 6
11 30 9
13 30 3
17 30 1
18 30 1
21 30 1
22 30 2
23 30 1
24 30 2
26 30 3
27 30 1
29 30 9
30 30 3
34 30 1
35 30 3
41 30 1
42 30 6
45 30 2
58 30 1
59 30 4
62 30 2
63 30 1
64 30 3
65 30 1
67 30 2
68 30 2
69 30 5
71 30 1
73 30 2
77 30 1
85 30 1
90 30 1
93 30 1
97 30 3
98 30 2
112 30 1
116 30 5
122 30 1
124 30 1
125 30 1
140 30 1
2 31 1
6 31 1
9 31 1
10 31 3
12 31 1
14 31 1
15 31 2
16 31 1
17 31 1
20 31 3
21 31 2
26 31 1
27 31 2
28 31 20
31 31 3
32 31 2
36 31 4
39 31 3
42 31 2
43 31 1
45 31 1
47 31 1
55 31 7
59 31 1
60 31 1
62 31 2
63 31 1
69 31 2
73 31 1
78 31 1
85 31 2
90 31 1
92 31 1
97 31 3
107 31 1
109 31 1
113 31 1
116 31 1
123 31 1
125 31 1
2 32 1
3 32 1
9 32 3
10 32 5
11 32 4
12 32 1
13 32 2
15 32 2
16 32 1
19 32 1
20 32 2
23 32 2
27 32 1
32 32 2
34 32 2
36 32 1
38 32 2
54 32 1
58 32 2
59 32 3
61 32 1
62 32 2
63 32 1
65 32 1
69 32 2
75 32 3
83 32 1
85 32 2
103 32 3
109 32 1
110 32 2
112 32 2
116 32 2
125 32 4
2 33 3
10 33 3
11 33 1
12 33 2
15 33 3
16 33 2
18 33 1
23 33 10
24 33 1
25 33 1
26 33 8
28 33 3
33 33 6
34 33 2
35 33 1
39 33 1
40 33 4
42 33 16
45 33 1
54 33 1
58 33 2
61 33 3
63 33 3
64 33 2
67 33 2
69 33 1
85 33 2
96 33 2
103 33 1
110 33 1
115 33 1
116 33 1
118 33 1
120 33 1
1 34 1
2 34 3
4 34 1
10 34 8
11 34 1
12 34 2
16 34 2
17 34 3
20 34 2
21 34 1
23 34 2
26 34 14
28 34 1
33 34 1
34 34 2
38 34 1
42 34 4
43 34 2
47 34 2
52 34 1
54 34 1
65 34 1
66 34 1
73 34 1
85 34 13
87 34 1
93 34 1
94 34 1
112 34 3
113 34 1
116 34 1
12 35 1
17 35 3
23 35 1
24 35 1
35 35 2
36 35 1
39 35 2
40 35 4
54 35 3
55 35 1
62 35 1
64 35 1
82 35 1
87 35 1
98 35 16
108 35 1
109 35 1
112 35 2
113 35 1
114 35 1
115 35 4
116 35 2
1 36 4
2 36 1
3 36 6
8 36 1
9 36 8
10 36 2
13 36 3
15 36 2
17 36 1
20 36 2
21 36 1
25 36 4
26 36 2
27 36 1
28 36 2
30 36 1
31 36 1
32 36 2
34 36 1
36 36 11
38 36 8
39 36 2
40 36 4
42 36 13
43 36 5
47 36 2
51 36 11
54 36 1
58 36 1
60 36 1
63 36 1
67 36 1
78 36 6
84 36 1
92 36 1
94 36 1
98 36 18
107 36 4
108 36 1
110 36 7
112 36 1
113 36 5
114 36 2
115 36 4
116 36 6
120 36 1
121 36 1
124 36 4
125 36 1
134 36 1
140 36 2
2 37 1
3 37 2
9 37 1
10 37 1
14 37 5
20 37 2
21 37 1
26 37 1
32 37 1
34 37 1
35 37 1
37 37 4
43 37 1
44 37 1
47 37 2
53 37 1
54 37 2
63 37 1
88 37 1
93 37 1
106 37 1
109 37 1
114 37 1
124 37 1
125 37 1
140 37 1
141 37 1
1 38 2
2 38 1
3 38 2
6 38 1
8 38 1
9 38 4
10 38 2
11 38 3
14 38 1
15 38 2
18 38 2
21 38 1
23 38 2
25 38 1
26 38 1
27 38 1
28 38 1
34 38 2
35 38 2
36 38 2
38 38 1
42 38 1
44 38 1
45 38 1
48 38 1
51 38 4
52 38 1
54 38 1
62 38 2
84 38 1
86 38 1
89 38 2
90 38 2
97 38 1
104 38 2
109 38 4
110 38 1
113 38 2
114 38 4
116 38 1
125 38 1
140 38 3
1 39 1
4 39 4
6 39 1
7 39 1
9 39 5
10 39 3
12 39 1
13 39 1
14 39 4
18 39 1
20 39 4
21 39 5
23 39 1
27 39 3
31 39 2
34 39 1
36 39 5
38 39 2
39 39 4
45 39 1
54 39 1
55 39 2
59 39 3
69 39 1
71 39 2
73 39 1
75 39 1
84 39 1
85 39 2
90 39 3
91 39 3
104 39 1
106 39 2
107 39 1
113 39 1
123 39 1
125 39 1
3 40 3
5 40 1
6 40 6
14 40 4
23 40 1
31 40 1
39 40 1
40 40 2
51 40 1
54 40 1
69 40 1
70 40 1
88 40 1
89 40 3
98 40 1
100 40 1
104 40 1
106 40 1
112 40 1
113 40 2
140 40 1
2 41 1
3 41 1
5 41 3
9 41 6
10 41 2
13 41 2
15 41 2
16 41 2
17 41 2
18 41 2
23 41 8
24 41 9
26 41 15
28 41 1
30 41 2
34 41 2
37 41 1
38 41 1
39 41 2
41 41 3
42 41 1
44 41 3
51 41 12
55 41 1
57 41 3
58 41 1
59 41 3
61 41 2
62 41 1
63 41 2
66 41 1
67 41 1
69 41 2
70 41 3
71 41 1
84 41 1
91 41 1
100 41 5
101 41 2
110 41 1
112 41 11
113 41 1
116 41 1
124 41 7
140 41 1
141 41 1
2 42 2
3 42 2
4 42 2
8 42 2
10 42 1
11 42 9
12 42 3
15 42 2
16 42 2
17 42 2
18 42 4
24 42 1
25 42 2
26 42 3
27 42 2
30 42 1
34 42 2
42 42 7
43 42 5
46 42 9
52 42 2
54 42 2
61 42 7
66 42 1
73 42 1
78 42 1
83 42 3
86 42 1
93 42 1
98 42 2
103 42 1
110 42 1
112 42 3
113 42 3
121 42 1
1 43 1
2 43 1
3 43 2
4 43 3
6 43 1
10 43 4
11 43 1
13 43 1
15 43 3
16 43 4
17 43 2
21 43 6
25 43 1
26 43 1
27 43 1
33 43 1
35 43 1
36 43 4
37 43 1
42 43 3
43 43 4
55 43 1
57 43 1
58 43 1
59 43 4
73 43 2
83 43 2
85 43 2
90 43 1
97 43 1
114 43 3
115 43 1
124 43 3
140 43 1
141 43 2
4 44 1
6 44 1
9 44 3
10 44 2
13 44 5
15 44 8
16 44 5
20 44 1
22 44 1
24 44 1
26 44 3
27 44 1
28 44 4
31 44 1
32 44 1
36 44 1
38 44 1
40 44 1
41 44 1
42 44 2
44 44 3
45 44 17
47 44 1
52 44 6
54 44 2
62 44 1
63 44 2
67 44 12
70 44 1
71 44 1
76 44 2
98 44 3
101 44 6
102 44 2
106 44 1
113 44 2
115 44 2
121 44 2
2 45 1
5 45 1
6 45 5
7 45 5
8 45 3
9 45 10
10 45 1
12 45 2
13 45 2
14 45 3
15 45 2
16 45 1
20 45 2
21 45 2
24 45 2
26 45 2
31 45 1
33 45 1
36 45 1
37 45 1
40 45 1
43 45 2
44 45 1
45 45 17
47 45 1
48 45 1
50 45 2
51 45 2
54 45 4
58 45 1
59 45 5
63 45 2
66 45 1
67 45 1
73 45 3
75 45 1
76 45 2
93 45 1
94 45 1
95 45 3
98 45 2
99 45 1
101 45 3
102 45 3
104 45 1
107 45 1
109 45 2
110 45 3
117 45 2
118 45 2
119 45 2
123 45 1
125 45 4
140 45 4
141 45 4
1 46 1
26 46 1
46 46 1
48 46 2
83 46 1
85 46 1
89 46 1
93 46 1
108 46 6
119 46 1
1 47 2
2 47 1
6 47 4
27 47 1
29 47 1
30 47 1
47 47 1
63 47 1
76 47 4
77 47 1
87 47 1
93 47 1
97 47 1
103 47 2
108 47 1
110 47 1
115 47 1
121 47 1
1 48 6
13 48 1
16 48 1
18 48 1
27 48 1
36 48 1
48 48 1
50 48 1
52 48 1
77 48 2
86 48 1
108 48 2
118 48 1
121 48 2
123 48 2
124 48 1
1 49 1
9 49 1
49 49 4
55 49 1
67 49 1
72 49 1
76 49 1
78 49 2
79 49 1
105 49 1
119 49 1
121 49 3
123 49 1
17 50 1
49 50 1
50 50 1
80 50 2
88 50 1
108 50 2
123 50 1
1 51 1
3 51 1
9 51 1
11 51 1
17 51 2
18 51 11
22 51 1
28 51 2
36 51 4
39 51 1
43 51 1
51 51 4
55 51 1
59 51 2
61 51 1
70 51 1
72 51 1
73 51 1
84 51 1
91 51 1
98 51 2
105 51 1
110 51 3
125 51 3
139 51 1
2 52 4
4 52 1
6 52 2
9 52 2
10 52 1
26 52 1
35 52 1
40 52 2
42 52 3
45 52 5
47 52 2
49 52 1
50 52 1
52 52 2
53 52 1
54 52 1
63 52 3
67 52 1
75 52 1
80 52 1
85 52 1
92 52 1
102 52 1
103 52 5
108 52 1
112 52 1
113 52 1
118 52 4
119 52 1
124 52 1
1 53 2
3 53 1
7 53 2
9 53 2
12 53 1
28 53 1
36 53 2
63 53 1
73 53 1
95 53 2
98 53 1
118 53 5
140 53 2
2 54 1
3 54 4
4 54 1
9 54 1
10 54 1
15 54 2
17 54 1
18 54 1
21 54 1
27 54 1
34 54 1
36 54 1
42 54 5
43 54 1
49 54 4
50 54 1
51 54 2
54 54 11
55 54 1
56 54 2
59 54 2
66 54 1
73 54 1
84 54 4
85 54 1
104 54 5
106 54 1
107 54 1
113 54 1
115 54 1
116 54 1
124 54 1
140 54 1
4 55 4
5 55 1
6 55 3
10 55 15
11 55 10
15 55 4
16 55 4
21 55 2
42 55 1
45 55 1
55 55 1
78 55 1
85 55 4
89 55 1
91 55 1
92 55 1
98 55 2
104 55 14
110 55 1
113 55 1
125 55 1
1 56 1
3 56 1
5 56 1
14 56 1
36 56 1
43 56 10
48 56 1
56 56 2
84 56 1
88 56 2
108 56 2
111 56 1
4 57 6
10 57 2
18 57 1
36 57 1
37 57 1
43 57 1
45 57 1
47 57 8
54 57 4
57 57 1
77 57 2
86 57 3
90 57 1
94 57 8
112 57 1
118 57 1
140 57 1
4 58 3
6 58 9
9 58 1
10 58 13
11 58 2
15 58 4
16 58 1
17 58 4
18 58 4
20 58 2
21 58 2
23 58 1
26 58 4
27 58 4
28 58 9
29 58 1
35 58 8
40 58 3
42 58 7
45 58 1
55 58 6
58 58 4
59 58 1
67 58 1
78 58 1
83 58 5
84 58 3
85 58 37
89 58 1
92 58 1
98 58 3
102 58 2
104 58 3
107 58 1
113 58 1
114 58 1
115 58 1
116 58 1
140 58 1
1 59 2
3 59 2
6 59 3
9 59 5
11 59 3
14 59 4
15 59 1
16 59 3
18 59 2
20 59 8
21 59 6
23 59 4
24 59 2
26 59 1
27 59 1
28 59 1
29 59 4
30 59 9
32 59 1
34 59 3
36 59 4
37 59 2
40 59 1
41 59 6
44 59 2
45 59 1
47 59 1
51 59 19
54 59 1
58 59 2
59 59 8
60 59 3
62 59 1
63 59 2
64 59 10
65 59 3
69 59 13
70 59 9
71 59 6
73 59 5
78 59 2
83 59 1
84 59 4
90 59 3
91 59 1
93 59 1
96 59 1
97 59 1
98 59 3
102 59 1
103 59 1
104 59 3
107 59 1
108 59 1
109 59 1
110 59 13
111 59 1
112 59 9
113 59 2
114 59 5
124 59 1
125 59 3
135 59 1
141 59 1
3 60 2
9 60 4
14 60 2
15 60 1
16 60 1
17 60 1
20 60 3
25 60 1
34 60 1
35 60 1
36 60 2
37 60 2
39 60 1
42 60 1
43 60 1
51 60 23
53 60 2
62 60 1
64 60 3
69 60 7
70 60 2
85 60 2
90 60 2
98 60 2
110 60 3
113 60 1
2 61 2
3 61 1
10 61 3
11 61 1
12 61 4
13 61 1
15 61 1
24 61 1
26 61 10
27 61 6
28 61 7
30 61 2
42 61 4
51 61 1
54 61 3
61 61 1
63 61 2
67 61 1
69 61 1
94 61 2
112 61 1
113 61 2
2 62 9
3 62 2
4 62 2
9 62 1
10 62 3
11 62 1
13 62 3
15 62 6
16 62 3
17 62 6
23 62 1
24 62 1
26 62 24
27 62 4
30 62 9
31 62 1
33 62 1
34 62 1
41 62 1
42 62 6
43 62 1
49 62 3
51 62 2
56 62 1
62 62 5
67 62 4
71 62 1
83 62 4
98 62 3
101 62 1
102 62 2
110 62 2
113 62 5
114 62 1
2 63 6
4 63 2
6 63 1
9 63 1
12 63 1
13 63 1
15 63 4
16 63 1
20 63 2
21 63 1
23 63 2
26 63 16
33 63 1
36 63 1
37 63 1
39 63 2
42 63 11
44 63 2
47 63 1
55 63 1
63 63 5
67 63 5
75 63 1
91 63 1
93 63 1
94 63 3
96 63 3
99 63 1
103 63 1
111 63 1
112 63 2
113 63 1
114 63 1
116 63 1
121 63 2
123 63 1
1 64 1
2 64 4
6 64 14
10 64 15
11 64 17
13 64 1
15 64 5
17 64 3
18 64 14
19 64 1
22 64 1
24 64 1
25 64 1
26 64 12
27 64 5
28 64 12
29 64 1
30 64 2
32 64 1
33 64 2
34 64 1
35 64 15
37 64 1
38 64 2
42 64 3
59 64 4
62 64 1
63 64 7
64 64 3
65 64 3
68 64 1
71 64 1
83 64 2
84 64 2
85 64 3
89 64 1
93 64 1
98 64 1
106 64 1
112 64 2
116 64 1
121 64 1
122 64 1
1 65 1
2 65 1
4 65 2
9 65 3
11 65 3
12 65 1
13 65 1
15 65 2
20 65 1
24 65 3
26 65 3
28 65 1
30 65 1
33 65 2
35 65 3
41 65 1
42 65 1
58 65 1
62 65 1
64 65 2
65 65 12
66 65 3
68 65 6
69 65 8
70 65 3
71 65 2
84 65 2
85 65 1
112 65 1
114 65 1
116 65 4
122 65 3
125 65 1
2 66 1
6 66 1
10 66 1
12 66 1
15 66 6
17 66 2
18 66 21
22 66 1
23 66 1
26 66 4
27 66 1
28 66 1
42 66 3
58 66 4
61 66 1
64 66 1
65 66 1
66 66 4
68 66 2
73 66 1
83 66 2
85 66 1
112 66 1
122 66 2
3 67 1
24 67 1
27 67 1
28 67 5
30 67 1
45 67 1
67 67 3
75 67 1
97 67 1
100 67 7
112 67 2
113 67 5
116 67 1
119 67 1
10 68 1
11 68 1
25 68 1
30 68 1
59 68 4
65 68 1
66 68 1
68 68 4
71 68 4
105 68 1
11 69 2
20 69 2
24 69 2
25 69 2
26 69 1
30 69 2
32 69 4
39 69 2
41 69 2
59 69 1
60 69 1
62 69 2
65 69 2
67 69 1
69 69 23
70 69 13
71 69 32
103 69 1
116 69 3
122 69 15
7 70 2
11 70 6
15 70 2
20 70 5
25 70 3
31 70 2
34 70 1
41 70 5
55 70 2
58 70 3
59 70 3
65 70 2
68 70 1
69 70 11
70 70 19
71 70 18
96 70 1
97 70 1
113 70 2
116 70 1
118 70 1
122 70 8
124 70 1
11 71 8
12 71 1
13 71 2
20 71 3
21 71 1
24 71 1
25 71 6
30 71 2
39 71 2
41 71 2
59 71 4
60 71 1
63 71 2
64 71 3
65 71 2
68 71 2
69 71 2
70 71 3
71 71 34
84 71 2
94 71 1
98 71 1
116 71 2
122 71 25
1 72 6
45 72 1
49 72 1
72 72 1
88 72 1
108 72 2
121 72 1
123 72 1
135 72 2
9 73 4
10 73 1
14 73 2
18 73 2
37 73 1
39 73 1
40 73 1
43 73 1
47 73 4
54 73 1
55 73 2
56 73 1
63 73 1
67 73 1
73 73 3
94 73 1
97 73 1
103 73 1
108 73 1
125 73 2
42 74 1
49 74 1
53 74 1
63 74 1
113 74 1
118 74 1
1 75 1
3 75 1
9 75 1
12 75 1
15 75 6
16 75 5
27 75 1
28 75 1
40 75 1
45 75 1
46 75 1
51 75 1
52 75 1
53 75 4
63 75 1
67 75 5
70 75 2
75 75 4
85 75 1
92 75 1
98 75 1
103 75 3
113 75 6
124 75 1
1 76 4
4 76 2
6 76 6
13 76 1
15 76 1
16 76 3
22 76 1
26 76 1
28 76 6
35 76 1
45 76 1
47 76 1
53 76 3
57 76 2
59 76 2
63 76 2
67 76 1
72 76 1
75 76 2
76 76 5
79 76 3
88 76 1
92 76 10
93 76 1
94 76 7
100 76 1
101 76 1
103 76 1
104 76 3
107 76 1
113 76 1
1 77 5
6 77 2
20 77 1
72 77 2
77 77 2
123 77 1
1 78 10
43 78 3
76 78 2
78 78 4
94 78 1
108 78 1
120 78 1
135 78 1
139 78 2
9 79 1
13 79 11
16 79 1
27 79 1
37 79 1
45 79 3
49 79 2
72 79 1
103 79 1
110 79 1
116 79 2
121 79 7
125 79 1
140 79 1
89 80 1
9 81 2
10 81 1
15 81 2
17 81 1
46 81 3
59 81 2
67 81 7
111 81 7
10 82 2
16 82 1
21 82 1
36 82 1
39 82 1
47 82 1
54 82 1
87 82 1
120 82 2
121 82 1
125 82 1
1 83 2
5 83 1
34 83 11
40 83 1
41 83 1
42 83 1
45 83 2
71 83 1
83 83 2
106 83 1
112 83 1
113 83 1
122 83 2
7 84 1
11 84 2
12 84 1
13 84 11
14 84 1
16 84 1
21 84 3
25 84 3
28 84 1
42 84 1
59 84 1
76 84 1
83 84 1
84 84 2
86 84 1
88 84 1
92 84 1
97 84 1
106 84 1
112 84 1
2 85 8
4 85 2
6 85 1
10 85 2
13 85 2
14 85 1
15 85 4
18 85 1
21 85 1
25 85 3
36 85 2
38 85 1
42 85 1
44 85 1
45 85 2
58 85 1
59 85 1
62 85 1
64 85 1
66 85 1
85 85 3
87 85 1
88 85 1
92 85 1
98 85 1
101 85 1
103 85 1
112 85 1
116 85 1
140 85 1
1 86 1
5 86 1
6 86 4
7 86 1
50 86 1
51 86 1
85 86 1
86 86 2
89 86 2
91 86 2
95 86 1
105 86 1
119 86 1
135 86 1
1 87 6
5 87 1
15 87 2
16 87 1
27 87 1
56 87 1
72 87 1
108 87 2
119 87 1
120 87 1
1 88 9
10 88 1
14 88 1
16 88 1
18 88 3
21 88 1
36 88 1
50 88 1
51 88 1
54 88 1
72 88 1
78 88 2
82 88 1
100 88 10
105 88 1
111 88 1
1 89 5
6 89 1
9 89 1
15 89 2
18 89 2
34 89 1
38 89 4
47 89 1
54 89 4
56 89 1
83 89 1
89 89 1
98 89 1
99 89 1
104 89 1
105 89 1
111 89 1
114 89 1
115 89 1
124 89 1
130 89 1
1 90 1
4 90 1
7 90 1
8 90 1
10 90 2
12 90 1
14 90 2
17 90 2
20 90 1
40 90 1
41 90 2
42 90 1
43 90 1
45 90 3
59 90 7
60 90 2
69 90 4
70 90 2
78 90 1
85 90 4
90 90 3
95 90 2
98 90 1
110 90 3
113 90 1
124 90 1
125 90 1
3 91 3
6 91 1
9 91 6
10 91 3
14 91 4
15 91 2
19 91 1
21 91 1
26 91 1
30 91 2
37 91 2
39 91 1
40 91 11
42 91 2
43 91 2
55 91 2
58 91 2
66 91 1
67 91 1
69 91 3
72 91 2
73 91 1
85 91 17
91 91 3
92 91 1
110 91 4
111 91 1
140 91 2
4 92 1
10 92 19
12 92 4
15 92 1
18 92 2
23 92 1
28 92 1
34 92 1
40 92 1
44 92 1
62 92 1
63 92 1
73 92 1
84 92 2
85 92 7
92 92 2
112 92 3
114 92 2
116 92 2
2 93 3
8 93 2
13 93 2
15 93 3
19 93 3
25 93 1
26 93 1
29 93 1
32 93 1
42 93 1
46 93 1
57 93 3
62 93 1
63 93 1
67 93 4
76 93 2
91 93 3
93 93 2
94 93 1
103 93 1
113 93 1
117 93 1
118 93 1
119 93 1
125 93 2
6 94 1
8 94 1
10 94 2
13 94 1
19 94 7
28 94 1
35 94 3
36 94 2
40 94 1
45 94 1
47 94 1
49 94 1
50 94 1
57 94 2
65 94 1
67 94 2
68 94 2
79 94 1
86 94 1
90 94 1
94 94 1
101 94 1
103 94 1
104 94 9
116 94 1
121 94 1
140 94 1
6 95 4
7 95 1
8 95 1
53 95 1
76 95 1
95 95 1
110 95 3
125 95 2
140 95 1
7 96 2
10 96 1
12 96 1
40 96 1
45 96 18
52 96 2
63 96 1
67 96 1
70 96 1
78 96 1
93 96 1
96 96 5
103 96 1
118 96 1
141 96 2
1 97 1
3 97 2
4 97 1
6 97 1
8 97 2
10 97 4
11 97 3
14 97 1
16 97 2
18 97 1
20 97 3
21 97 5
22 97 1
25 97 1
27 97 4
28 97 1
32 97 2
36 97 4
40 97 1
42 97 1
45 97 5
47 97 1
51 97 5
54 97 3
55 97 1
56 97 1
57 97 1
62 97 1
69 97 1
73 97 1
89 97 2
97 97 4
109 97 3
110 97 1
113 97 1
120 97 1
140 97 1
141 97 5
9 98 1
10 98 1
12 98 2
16 98 1
18 98 1
21 98 1
25 98 1
27 98 2
30 98 1
35 98 1
37 98 1
38 98 1
60 98 1
67 98 2
82 98 1
89 98 1
97 98 2
98 98 9
107 98 1
112 98 1
116 98 1
9 99 1
13 99 1
28 99 1
49 99 3
72 99 7
92 99 1
93 99 1
101 99 1
103 99 1
115 99 1
121 99 2
1 100 1
28 100 2
31 100 2
40 100 1
49 100 2
50 100 11
69 100 1
76 100 2
85 100 1
98 100 6
99 100 1
100 100 1
103 100 1
108 100 1
123 100 1
124 100 1
129 100 3
1 101 1
7 101 1
8 101 2
9 101 8
13 101 1
15 101 3
27 101 2
28 101 1
39 101 4
40 101 1
42 101 1
44 101 6
45 101 6
51 101 1
52 101 2
53 101 26
54 101 1
63 101 4
67 101 2
69 101 1
70 101 1
85 101 4
87 101 1
96 101 3
101 101 4
103 101 1
110 101 1
113 101 2
123 101 1
124 101 1
135 101 1
137 101 1
140 101 1
6 102 1
15 102 1
18 102 1
21 102 1
28 102 1
31 102 1
35 102 2
44 102 2
45 102 2
51 102 1
53 102 1
54 102 2
55 102 1
67 102 1
78 102 1
79 102 2
140 102 1
141 102 1
3 103 1
4 103 1
6 103 2
9 103 1
13 103 3
16 103 1
19 103 1
20 103 1
28 103 2
31 103 1
44 103 3
45 103 2
47 103 1
49 103 1
53 103 1
58 103 1
72 103 1
75 103 1
76 103 1
78 103 1
85 103 1
94 103 17
99 103 1
100 103 2
103 103 3
108 103 1
113 103 1
121 103 3
125 103 1
10 104 1
14 104 2
90 104 1
104 104 4
110 104 1
123 104 1
140 104 1
1 105 2
6 105 2
9 105 1
18 105 1
32 105 1
48 105 1
50 105 4
65 105 5
68 105 1
72 105 1
78 105 1
100 105 1
106 105 28
111 105 3
119 105 2
121 105 4
124 105 1
134 105 1
1 106 1
2 106 2
3 106 1
5 106 2
6 106 1
7 106 1
9 106 2
10 106 1
12 106 6
13 106 3
16 106 2
21 106 2
28 106 1
34 106 2
35 106 1
36 106 3
37 106 2
38 106 1
41 106 1
45 106 2
46 106 1
48 106 1
52 106 1
58 106 1
62 106 3
78 106 1
89 106 1
97 106 1
109 106 1
110 106 5
112 106 1
113 106 1
125 106 1
139 106 1
142 106 1
1 107 2
3 107 1
4 107 1
5 107 1
10 107 3
13 107 1
18 107 4
28 107 1
30 107 1
42 107 1
43 107 4
51 107 3
55 107 2
74 107 1
75 107 1
84 107 1
115 107 2
125 107 2
1 108 3
3 108 2
4 108 1
5 108 1
6 108 1
27 108 1
32 108 1
47 108 1
55 108 1
78 108 2
87 108 1
89 108 2
108 108 1
135 108 1
2 109 8
4 109 2
6 109 5
10 109 2
13 109 1
14 109 1
18 109 1
21 109 3
28 109 1
38 109 9
45 109 10
54 109 1
57 109 4
73 109 4
85 109 1
94 109 1
98 109 17
105 109 1
109 109 1
115 109 1
125 109 3
140 109 3
141 109 1
1 110 1
2 110 3
3 110 13
4 110 3
5 110 2
6 110 3
7 110 1
8 110 3
10 110 11
14 110 6
15 110 2
16 110 5
18 110 3
19 110 1
21 110 10
28 110 1
32 110 2
35 110 2
36 110 11
37 110 2
38 110 7
39 110 1
42 110 7
43 110 1
45 110 12
54 110 11
56 110 3
58 110 1
66 110 1
70 110 1
73 110 2
74 110 1
75 110 1
76 110 2
85 110 2
90 110 1
91 110 1
92 110 1
97 110 2
98 110 2
106 110 13
110 110 5
111 110 3
115 110 2
119 110 15
123 110 2
124 110 1
125 110 1
140 110 2
141 110 5
1 111 6
6 111 1
9 111 1
48 111 1
55 111 3
56 111 1
73 111 1
78 111 2
87 111 1
88 111 1
100 111 1
108 111 1
109 111 1
111 111 2
121 111 2
2 112 10
4 112 7
6 112 1
10 112 3
12 112 4
13 112 4
15 112 1
16 112 3
17 112 6
18 112 1
20 112 1
23 112 1
24 112 3
26 112 26
27 112 3
28 112 1
29 112 1
30 112 3
34 112 3
36 112 3
40 112 1
41 112 2
42 112 9
48 112 1
51 112 1
56 112 1
58 112 1
61 112 1
63 112 2
64 112 3
66 112 1
67 112 14
69 112 1
85 112 7
89 112 1
93 112 1
94 112 1
112 112 4
113 112 1
116 112 2
124 112 1
140 112 7
4 113 6
6 113 2
7 113 1
10 113 2
11 113 2
12 113 12
13 113 1
14 113 1
15 113 9
16 113 39
17 113 1
18 113 4
19 113 1
20 113 2
25 113 1
26 113 2
27 113 3
33 113 1
36 113 1
40 113 7
41 113 2
42 113 23
44 113 1
45 113 2
58 113 4
60 113 1
62 113 2
63 113 1
67 113 31
75 113 1
76 113 1
85 113 2
92 113 2
94 113 1
97 113 5
101 113 2
105 113 1
107 113 3
110 113 1
113 113 3
116 113 12
120 113 1
125 113 2
140 113 2
2 114 1
3 114 4
4 114 3
5 114 4
6 114 1
8 114 1
10 114 10
11 114 3
14 114 7
15 114 1
16 114 3
18 114 1
27 114 1
31 114 1
35 114 1
36 114 4
37 114 4
39 114 2
40 114 1
42 114 1
43 114 1
45 114 2
55 114 3
57 114 1
58 114 2
67 114 1
72 114 1
73 114 4
78 114 1
85 114 1
89 114 1
104 114 1
107 114 2
110 114 3
111 114 1
114 114 2
115 114 1
116 114 3
120 114 1
125 114 1
140 114 5
141 114 1
3 115 1
5 115 1
6 115 1
9 115 2
10 115 2
15 115 1
17 115 1
18 115 2
21 115 1
23 115 1
27 115 1
35 115 1
38 115 1
39 115 1
45 115 1
51 115 1
54 115 1
55 115 3
87 115 1
91 115 1
110 115 2
121 115 1
129 115 1
135 115 1
2 116 2
4 116 3
11 116 3
17 116 1
20 116 1
21 116 1
24 116 1
25 116 3
26 116 1
30 116 2
34 116 1
35 116 1
36 116 1
40 116 1
42 116 1
59 116 1
65 116 2
66 116 1
67 116 3
70 116 2
71 116 3
98 116 1
115 116 1
116 116 11
122 116 2
15 117 1
46 117 1
79 117 1
108 117 1
4 118 3
6 118 1
8 118 2
9 118 1
10 118 1
12 118 2
15 118 8
16 118 11
17 118 1
23 118 1
24 118 1
26 118 1
27 118 2
28 118 5
29 118 1
30 118 1
31 118 2
32 118 1
34 118 1
42 118 1
43 118 1
44 118 2
45 118 1
52 118 2
53 118 10
54 118 1
58 118 1
63 118 2
67 118 5
75 118 4
76 118 1
84 118 4
97 118 1
98 118 1
100 118 2
103 118 5
109 118 2
113 118 4
123 118 1
6 119 1
45 119 1
57 119 1
59 119 1
82 119 1
98 119 5
103 119 2
105 119 1
111 119 1
114 119 1
118 119 1
119 119 1
121 119 1
1 120 1
5 120 1
6 120 1
10 120 1
13 120 1
15 120 1
16 120 3
18 120 2
19 120 1
20 120 1
39 120 1
51 120 2
54 120 11
55 120 1
73 120 1
78 120 1
84 120 2
87 120 1
89 120 1
103 120 1
108 120 7
111 120 1
120 120 1
121 120 1
125 120 1
1 121 1
2 121 6
8 121 1
10 121 1
13 121 17
28 121 1
30 121 1
44 121 1
48 121 2
49 121 1
63 121 2
67 121 2
78 121 1
79 121 3
91 121 2
94 121 1
96 121 2
108 121 1
119 121 1
121 121 3
122 121 1
124 121 2
2 122 1
4 122 3
11 122 2
15 122 2
20 122 2
24 122 1
25 122 5
27 122 1
32 122 7
33 122 1
34 122 1
35 122 3
39 122 1
60 122 2
69 122 4
70 122 8
91 122 1
111 122 1
116 122 2
122 122 30
1 123 2
9 123 1
14 123 1
18 123 1
50 123 8
56 123 1
72 123 1
78 123 1
88 123 1
99 123 1
108 123 1
123 123 1
1 124 1
3 124 2
4 124 1
9 124 1
10 124 7
15 124 5
16 124 1
17 124 1
21 124 5
27 124 4
28 124 6
35 124 1
36 124 5
38 124 1
39 124 1
40 124 1
45 124 1
51 124 4
52 124 2
55 124 2
59 124 1
85 124 1
89 124 1
98 124 3
101 124 1
103 124 10
104 124 1
106 124 5
112 124 1
115 124 1
116 124 1
124 124 4
3 125 1
7 125 1
9 125 17
14 125 2
21 125 1
26 125 2
31 125 1
34 125 1
35 125 1
37 125 2
40 125 1
41 125 1
45 125 7
47 125 1
50 125 3
51 125 1
57 125 1
58 125 2
59 125 3
69 125 2
70 125 2
73 125 2
88 125 1
90 125 1
91 125 2
95 125 3
96 125 2
98 125 1
101 125 2
104 125 2
120 125 1
124 125 1
125 125 3
141 125 1
1 126 1
43 126 1
54 126 1
106 126 2
124 126 1
126 126 2
135 126 2
124 127 1
127 127 2
12 128 1
133 128 1
134 128 2
8 129 1
10 129 1
11 129 1
13 129 1
36 129 1
84 129 3
110 129 1
126 129 1
6 130 1
140 130 2
43 131 1
121 131 1
124 131 1
131 131 1
2 132 3
132 132 1
39 133 1
128 133 1
10 134 1
124 134 3
132 134 2
134 134 1
1 135 2
88 135 2
89 135 1
131 135 1
139 135 1
135 136 1
17 137 1
72 137 1
120 137 1
135 137 2
136 137 1
137 137 1
138 137 1
1 138 5
21 138 1
48 138 3
78 138 3
111 138 1
135 138 1
28 139 1
67 139 1
84 139 1
98 139 2
115 139 1
138 139 1
1 140 1
89 140 1
108 140 1
111 140 1
135 140 1
139 140 2
88 141 1
135 141 2
3 142 1
4 142 2
7 142 1
9 142 2
14 142 2
15 142 3
17 142 1
18 142 5
19 142 4
20 142 2
21 142 6
26 142 1
27 142 1
34 142 1
35 142 1
36 142 3
38 142 2
39 142 3
42 142 7
43 142 1
45 142 5
51 142 1
54 142 7
59 142 2
67 142 2
84 142 1
85 142 1
86 142 4
98 142 1
102 142 1
104 142 9
109 142 2
110 142 1
111 142 1
114 142 2
116 142 1
124 142 2
141 142 1
1 143 1
4 143 1
9 143 1
10 143 2
12 143 1
19 143 1
37 143 2
43 143 1
45 143 8
47 143 3
54 143 2
72 143 1
97 143 1
98 143 9
110 143 2
114 143 1
141 143 6
104 144 1
12 145 1
143 146 6
