46 1 1
87 1 1
10 2 1
4 3 1
41 3 2
62 3 1
88 3 1
3 4 1
10 4 1
13 4 1
15 4 1
18 4 1
27 4 6
50 4 17
52 4 2
51 5 1
65 5 1
51 6 1
54 6 1
79 6 2
95 6 1
43 7 16
96 7 1
98 7 1
10 8 3
15 8 4
26 8 1
25 9 5
42 9 1
91 9 1
9 10 2
14 10 2
33 10 1
85 10 1
15 11 1
89 11 1
51 12 1
84 12 1
40 13 2
35 14 3
51 14 1
4 15 1
12 15 1
15 15 4
28 15 1
55 15 1
57 15 1
86 15 1
98 15 1
10 16 1
20 16 1
21 16 1
47 16 1
55 16 2
59 16 1
12 17 1
15 17 1
22 17 2
23 17 1
27 17 1
29 17 1
41 17 3
52 17 2
70 17 3
4 18 1
24 18 1
26 18 2
23 19 1
24 19 1
26 19 15
28 19 1
31 19 1
32 19 3
40 19 1
59 19 3
60 19 33
11 20 5
12 20 2
15 20 1
23 20 1
24 20 1
26 20 1
40 20 3
61 20 1
62 20 1
10 21 3
11 21 1
60 21 1
2 22 1
4 22 1
12 22 1
13 22 1
15 22 1
17 22 2
26 22 4
27 22 1
31 22 1
32 22 1
50 22 2
58 22 1
26 23 1
27 23 2
76 23 1
77 23 1
84 23 1
28 24 1
32 24 1
62 24 1
10 25 2
27 25 2
60 25 2
62 25 1
88 25 1
10 26 1
12 26 1
25 26 1
41 27 2
71 27 1
79 27 1
26 28 2
32 28 1
60 28 1
23 29 1
24 29 1
59 29 1
3 30 9
10 30 1
23 30 3
24 30 4
26 30 2
51 30 4
69 30 5
33 31 1
70 31 1
80 31 1
28 32 1
40 32 1
41 32 8
51 32 1
52 32 1
75 32 2
12 33 1
35 33 3
43 34 1
51 34 1
88 34 1
4 35 1
27 35 1
3 36 1
21 36 1
11 37 2
24 37 2
29 37 2
52 37 1
88 37 2
26 38 1
41 38 2
21 39 3
41 39 1
27 40 12
28 40 1
12 41 1
43 41 2
62 41 1
98 41 2
44 42 1
50 42 1
90 42 1
12 43 1
53 43 1
97 43 1
16 44 1
49 44 1
47 45 2
73 45 1
82 45 1
74 46 1
86 46 1
34 47 1
52 47 1
9 48 1
21 48 3
28 48 1
29 48 1
50 48 1
93 48 2
6 49 1
10 49 1
20 49 1
83 49 1
10 50 7
16 50 1
28 50 1
29 50 1
34 50 2
88 50 1
18 51 1
53 51 3
11 52 1
36 52 1
52 52 1
90 52 1
10 53 1
21 53 1
40 53 3
68 53 1
69 53 2
14 54 2
19 54 1
26 54 3
41 54 1
54 54 2
63 54 1
67 54 1
76 54 5
39 55 1
56 55 2
76 55 1
26 56 8
32 56 1
10 57 1
15 57 2
16 57 4
26 57 4
27 57 4
37 57 1
39 57 1
62 57 13
71 57 1
3 58 1
15 58 1
50 58 14
71 58 4
77 58 1
93 58 2
2 59 1
20 59 1
31 59 2
33 59 3
11 60 3
15 60 1
33 60 2
81 60 1
4 61 1
61 61 1
62 62 1
28 63 1
58 63 1
63 64 2
3 65 1
41 65 2
51 65 1
66 66 3
21 67 1
91 67 1
5 68 1
58 68 1
39 69 1
48 70 1
53 70 1
94 71 1
45 72 1
65 72 1
72 73 1
10 74 1
37 74 1
2 75 1
10 75 1
15 75 1
21 75 2
27 75 1
69 75 1
71 75 1
76 75 1
28 76 1
64 76 1
11 77 1
85 77 1
13 78 3
18 78 1
21 78 1
58 78 1
98 78 1
80 79 1
30 80 1
56 80 1
77 80 1
28 81 2
78 81 1
10 82 22
11 82 1
12 82 4
16 82 1
17 82 5
21 82 2
40 82 1
91 82 2
1 83 2
43 83 2
74 83 2
38 84 1
49 84 1
92 84 1
7 85 1
8 85 1
35 85 1
48 85 1
51 85 1
73 85 1
80 85 1
98 85 3
1 86 2
2 87 1
15 87 4
23 87 1
26 87 5
27 87 3
62 87 7
88 87 2
91 87 1
3 88 1
26 88 2
39 88 3
86 88 1
95 88 1
3 89 1
4 89 1
40 89 1
41 89 1
43 89 2
1 90 1
36 90 1
51 90 1
84 90 1
86 90 2
26 91 2
3 92 1
98 92 1
62 93 1
40 94 1
4 95 1
18 95 2
41 95 1
61 95 1
95 95 1
86 96 2
4 97 1
21 97 1
36 97 1
38 97 1
52 97 1
54 97 2
71 97 1
85 97 1
85 98 1
