1 1 1
12 1 1
38 1 1
42 1 1
45 1 1
46 1 1
48 1 2
51 1 1
56 1 2
72 1 1
78 1 5
86 1 4
87 1 4
88 1 1
89 1 8
94 1 1
105 1 2
108 1 2
111 1 6
115 1 1
118 1 1
123 1 1
132 1 1
135 1 2
4 2 2
10 2 4
12 2 2
17 2 3
23 2 2
27 2 2
28 2 1
30 2 1
33 2 1
39 2 1
40 2 1
42 2 1
43 2 1
54 2 1
55 2 1
60 2 1
66 2 1
67 2 1
68 2 2
85 2 2
92 2 1
112 2 2
123 2 1
140 2 1
141 2 1
3 3 1
4 3 1
9 3 1
10 3 1
11 3 1
14 3 1
16 3 1
17 3 2
19 3 1
21 3 2
22 3 1
27 3 1
28 3 3
31 3 4
32 3 1
38 3 3
42 3 2
43 3 1
54 3 1
57 3 1
59 3 1
60 3 1
62 3 1
63 3 1
69 3 1
82 3 1
85 3 2
90 3 4
91 3 1
94 3 1
109 3 2
112 3 1
113 3 5
116 3 1
119 3 3
2 4 1
4 4 3
6 4 1
10 4 4
12 4 1
15 4 2
16 4 7
17 4 1
18 4 2
19 4 3
21 4 2
23 4 1
24 4 2
25 4 1
26 4 1
27 4 2
28 4 3
33 4 1
36 4 1
40 4 1
54 4 5
61 4 1
67 4 1
84 4 2
85 4 3
106 4 4
112 4 1
123 4 2
139 4 1
5 5 4
10 5 1
11 5 1
26 5 1
32 5 1
56 5 2
84 5 1
90 5 2
108 5 3
115 5 1
1 6 1
2 6 1
4 6 1
6 6 1
7 6 1
8 6 1
10 6 1
32 6 1
34 6 1
40 6 1
45 6 2
47 6 1
48 6 3
49 6 1
55 6 1
78 6 1
86 6 1
97 6 1
105 6 1
109 6 2
110 6 3
113 6 1
118 6 1
123 6 2
7 7 2
8 7 1
9 7 2
15 7 1
30 7 1
36 7 2
38 7 1
43 7 2
44 7 1
60 7 1
90 7 6
91 7 2
92 7 1
93 7 3
95 7 4
113 7 2
124 7 2
1 8 1
6 8 1
9 8 1
15 8 1
17 8 1
18 8 1
24 8 1
26 8 1
28 8 1
36 8 1
38 8 1
59 8 1
86 8 1
88 8 1
110 8 1
136 8 1
6 9 1
8 9 3
9 9 6
14 9 1
15 9 1
18 9 3
19 9 1
20 9 1
22 9 1
31 9 2
36 9 1
37 9 1
38 9 1
39 9 3
41 9 2
42 9 1
45 9 7
49 9 1
51 9 2
55 9 1
56 9 1
57 9 1
58 9 2
59 9 2
69 9 2
82 9 1
88 9 1
89 9 3
91 9 1
95 9 2
97 9 1
98 9 1
100 9 1
104 9 1
105 9 1
107 9 4
115 9 2
118 9 2
122 9 1
123 9 1
124 9 4
139 9 3
1 10 1
4 10 8
8 10 1
9 10 1
10 10 5
14 10 1
15 10 1
16 10 2
18 10 9
19 10 1
20 10 1
21 10 1
26 10 2
27 10 5
28 10 3
29 10 6
30 10 1
33 10 1
34 10 2
36 10 1
40 10 1
42 10 1
43 10 1
47 10 1
55 10 17
57 10 8
58 10 5
61 10 1
62 10 2
67 10 4
71 10 2
83 10 1
84 10 2
92 10 4
97 10 1
106 10 2
109 10 1
112 10 2
123 10 1
4 11 1
11 11 18
12 11 1
15 11 4
17 11 1
18 11 1
19 11 1
23 11 2
24 11 4
25 11 9
27 11 2
30 11 5
32 11 1
36 11 1
38 11 2
39 11 1
41 11 11
54 11 1
65 11 2
66 11 1
68 11 3
69 11 5
70 11 4
71 11 2
98 11 1
112 11 1
115 11 1
124 11 2
141 11 5
4 12 3
11 12 1
12 12 1
17 12 1
18 12 2
21 12 1
25 12 3
26 12 3
27 12 3
28 12 2
29 12 1
30 12 1
33 12 1
34 12 2
55 12 2
58 12 1
61 12 1
62 12 3
63 12 1
82 12 1
92 12 1
106 12 3
112 12 1
113 12 3
4 13 1
5 13 1
6 13 1
10 13 2
12 13 1
13 13 1
14 13 1
15 13 3
16 13 1
23 13 1
25 13 2
28 13 5
29 13 1
30 13 1
33 13 1
34 13 4
55 13 1
64 13 1
84 13 1
85 13 1
101 13 1
121 13 1
123 13 1
139 13 1
1 14 1
9 14 3
14 14 2
18 14 2
19 14 1
20 14 2
25 14 2
31 14 1
32 14 1
33 14 1
37 14 3
39 14 1
41 14 1
53 14 1
55 14 1
58 14 1
59 14 1
60 14 1
69 14 2
71 14 1
88 14 1
90 14 1
93 14 1
107 14 1
114 14 3
119 14 1
121 14 1
124 14 2
139 14 1
140 14 1
2 15 1
3 15 1
4 15 3
10 15 1
11 15 1
13 15 2
15 15 3
16 15 3
17 15 1
18 15 1
21 15 4
22 15 1
23 15 6
24 15 3
25 15 1
26 15 3
27 15 4
29 15 1
34 15 2
38 15 2
42 15 1
45 15 1
58 15 4
59 15 1
62 15 1
63 15 6
64 15 2
84 15 1
85 15 3
92 15 1
106 15 1
108 15 1
113 15 1
123 15 2
141 15 1
1 16 1
3 16 1
4 16 6
5 16 1
10 16 2
11 16 3
15 16 9
16 16 5
17 16 1
18 16 1
21 16 2
23 16 3
25 16 5
26 16 2
27 16 12
28 16 3
30 16 2
33 16 3
34 16 3
36 16 2
40 16 2
42 16 1
44 16 3
45 16 1
46 16 1
59 16 1
62 16 3
63 16 3
69 16 1
83 16 1
84 16 1
85 16 2
87 16 1
92 16 1
98 16 2
105 16 1
106 16 1
112 16 2
113 16 5
115 16 1
119 16 1
124 16 1
1 17 1
3 17 2
13 17 1
16 17 2
17 17 2
26 17 4
30 17 2
31 17 2
34 17 1
41 17 2
50 17 1
55 17 1
56 17 1
58 17 1
62 17 1
83 17 3
87 17 1
97 17 2
104 17 1
139 17 1
3 18 1
4 18 1
6 18 2
9 18 1
10 18 3
15 18 1
18 18 8
21 18 2
26 18 1
35 18 2
38 18 1
42 18 1
54 18 3
59 18 1
84 18 1
85 18 2
104 18 2
109 18 1
110 18 1
117 18 1
120 18 1
123 18 1
139 18 1
4 19 2
11 19 1
12 19 1
18 19 1
20 19 2
28 19 1
36 19 1
38 19 1
39 19 1
47 19 1
50 19 1
109 19 1
139 19 4
9 20 4
11 20 2
15 20 2
20 20 12
25 20 4
26 20 1
28 20 2
29 20 2
31 20 3
34 20 1
37 20 3
39 20 2
41 20 1
55 20 1
56 20 1
59 20 10
60 20 4
62 20 1
64 20 6
65 20 11
66 20 1
68 20 6
69 20 16
70 20 4
71 20 1
75 20 2
83 20 1
90 20 4
91 20 2
95 20 1
101 20 2
112 20 2
114 20 1
121 20 8
2 21 3
6 21 1
10 21 3
11 21 2
14 21 3
15 21 2
16 21 8
18 21 10
19 21 1
20 21 1
21 21 2
24 21 1
27 21 1
34 21 1
36 21 1
39 21 1
40 21 3
43 21 1
45 21 1
52 21 1
55 21 2
59 21 1
63 21 1
65 21 2
67 21 1
73 21 1
76 21 3
84 21 1
85 21 3
94 21 1
97 21 2
98 21 1
100 21 1
104 21 2
106 21 1
113 21 1
115 21 1
116 21 1
123 21 1
4 22 1
11 22 2
21 22 14
22 22 3
23 22 1
31 22 1
32 22 2
44 22 1
67 22 2
69 22 10
70 22 8
71 22 6
113 22 1
2 23 1
3 23 2
6 23 1
13 23 1
15 23 3
16 23 2
23 23 9
24 23 2
25 23 1
26 23 3
27 23 38
28 23 10
29 23 3
30 23 1
33 23 1
34 23 8
39 23 1
41 23 4
45 23 1
61 23 1
62 23 1
63 23 2
65 23 2
66 23 4
68 23 5
71 23 3
83 23 1
112 23 8
113 23 1
2 24 1
11 24 2
14 24 1
15 24 2
16 24 2
23 24 2
24 24 7
26 24 3
32 24 2
41 24 9
42 24 3
47 24 1
49 24 1
59 24 4
60 24 1
61 24 1
62 24 2
64 24 2
65 24 4
66 24 1
69 24 5
70 24 2
71 24 4
98 24 2
106 24 1
110 24 1
121 24 3
2 25 3
4 25 1
11 25 10
13 25 7
15 25 1
16 25 9
17 25 2
20 25 2
24 25 2
25 25 10
27 25 1
28 25 2
29 25 4
30 25 4
32 25 1
35 25 2
41 25 1
59 25 5
61 25 1
65 25 1
67 25 2
68 25 1
69 25 18
70 25 4
71 25 6
96 25 1
98 25 1
112 25 1
113 25 3
121 25 16
2 26 1
12 26 1
13 26 1
15 26 4
16 26 1
17 26 1
21 26 3
24 26 2
26 26 5
27 26 1
28 26 4
29 26 1
30 26 1
33 26 1
34 26 4
42 26 3
44 26 1
55 26 1
61 26 1
62 26 1
63 26 2
64 26 1
65 26 1
66 26 1
69 26 4
71 26 1
84 26 1
85 26 2
107 26 1
112 26 6
113 26 13
116 26 2
141 26 2
142 26 1
1 27 1
2 27 2
3 27 2
4 27 4
10 27 1
11 27 1
12 27 1
13 27 2
15 27 4
16 27 3
21 27 1
22 27 1
23 27 5
25 27 1
26 27 3
27 27 3
34 27 3
42 27 2
43 27 4
44 27 7
45 27 1
58 27 1
63 27 1
67 27 1
76 27 1
77 27 1
84 27 1
85 27 1
97 27 19
99 27 1
106 27 3
110 27 1
112 27 3
113 27 3
121 27 1
139 27 1
2 28 1
4 28 2
10 28 1
11 28 2
12 28 5
15 28 2
16 28 1
17 28 1
23 28 4
26 28 2
27 28 1
28 28 1
30 28 1
33 28 3
34 28 1
36 28 1
42 28 1
46 28 1
61 28 4
62 28 1
64 28 1
67 28 1
85 28 1
94 28 1
102 28 2
103 28 2
106 28 1
112 28 3
121 28 4
11 29 1
12 29 1
23 29 1
29 29 1
30 29 3
41 29 1
42 29 1
59 29 1
61 29 2
65 29 1
83 29 1
85 29 1
112 29 1
121 29 1
124 29 1
2 30 1
3 30 1
4 30 1
10 30 1
11 30 1
12 30 2
15 30 2
16 30 1
20 30 2
23 30 1
25 30 2
27 30 2
28 30 2
34 30 2
35 30 1
36 30 1
42 30 2
47 30 1
59 30 2
60 30 5
61 30 6
63 30 1
67 30 1
69 30 2
71 30 3
77 30 1
83 30 2
120 30 1
11 31 2
17 31 2
18 31 2
24 31 1
29 31 1
32 31 1
40 31 1
43 31 1
50 31 1
52 31 1
58 31 2
59 31 1
62 31 1
65 31 4
78 31 1
110 31 1
113 31 1
9 32 1
23 32 1
24 32 1
25 32 1
26 32 1
30 32 1
32 32 2
52 32 1
58 32 1
60 32 2
63 32 2
64 32 1
65 32 1
69 32 3
70 32 1
71 32 4
75 32 1
103 32 2
113 32 2
116 32 2
12 33 1
15 33 2
16 33 1
23 33 2
28 33 1
33 33 1
34 33 2
66 33 2
4 34 1
7 34 1
10 34 1
15 34 1
21 34 1
23 34 2
26 34 2
27 34 1
34 34 1
45 34 3
52 34 1
62 34 1
66 34 1
67 34 1
69 34 4
70 34 1
92 34 1
97 34 1
3 35 1
4 35 1
11 35 3
12 35 2
15 35 2
16 35 1
17 35 2
25 35 2
26 35 1
27 35 1
28 35 1
31 35 3
33 35 1
34 35 1
35 35 1
37 35 1
38 35 4
40 35 1
54 35 1
65 35 8
67 35 1
69 35 1
73 35 1
85 35 2
94 35 1
98 35 8
106 35 1
113 35 2
115 35 1
116 35 3
139 35 1
1 36 3
4 36 1
6 36 3
7 36 1
9 36 3
10 36 2
15 36 1
16 36 1
17 36 1
21 36 4
27 36 1
28 36 1
36 36 4
38 36 4
45 36 1
48 36 1
51 36 2
52 36 1
54 36 3
61 36 1
71 36 1
73 36 1
91 36 1
97 36 1
98 36 1
106 36 2
110 36 1
113 36 1
114 36 1
116 36 5
123 36 1
124 36 1
126 36 1
128 36 1
139 36 1
140 36 1
9 37 3
14 37 2
20 37 1
22 37 1
23 37 1
31 37 2
37 37 1
73 37 1
76 37 1
89 37 1
90 37 1
100 37 1
104 37 2
110 37 1
139 37 1
6 38 6
8 38 2
9 38 2
11 38 2
12 38 1
16 38 2
17 38 2
18 38 1
19 38 1
20 38 2
23 38 1
26 38 1
37 38 1
38 38 1
42 38 2
44 38 1
51 38 3
54 38 1
62 38 1
63 38 2
66 38 1
78 38 1
87 38 1
90 38 1
97 38 1
110 38 1
113 38 1
114 38 3
115 38 1
124 38 1
2 39 1
9 39 6
14 39 1
22 39 1
32 39 22
36 39 2
38 39 1
39 39 2
41 39 1
49 39 1
55 39 1
69 39 3
71 39 6
76 39 1
90 39 3
95 39 2
97 39 1
100 39 1
109 39 1
114 39 1
119 39 1
16 40 2
17 40 2
21 40 1
27 40 2
38 40 1
40 40 1
42 40 1
59 40 1
91 40 1
109 40 1
123 40 1
2 41 1
3 41 1
6 41 1
9 41 1
10 41 1
14 41 1
23 41 5
24 41 1
26 41 1
33 41 1
34 41 1
37 41 1
41 41 4
42 41 2
60 41 2
61 41 1
62 41 1
67 41 2
70 41 2
111 41 1
112 41 3
2 42 1
3 42 2
7 42 1
13 42 2
15 42 1
17 42 2
18 42 3
23 42 1
24 42 1
26 42 1
27 42 3
28 42 1
33 42 2
34 42 1
38 42 2
42 42 5
43 42 2
54 42 1
55 42 1
62 42 8
63 42 20
64 42 1
69 42 1
83 42 1
84 42 1
91 42 1
92 42 1
103 42 1
106 42 1
112 42 2
113 42 38
116 42 1
118 42 1
121 42 1
139 42 1
4 43 3
17 43 1
36 43 2
37 43 2
38 43 1
39 43 1
42 43 1
43 43 1
57 43 1
63 43 2
106 43 11
112 43 1
114 43 1
123 43 1
3 44 1
7 44 1
9 44 1
27 44 1
40 44 1
45 44 3
52 44 2
58 44 1
63 44 2
70 44 1
79 44 2
95 44 1
101 44 2
1 45 1
4 45 2
6 45 2
7 45 9
8 45 6
9 45 6
14 45 1
15 45 2
18 45 1
20 45 3
21 45 1
22 45 2
25 45 1
27 45 1
28 45 2
32 45 1
37 45 4
38 45 3
44 45 5
45 45 17
46 45 1
47 45 2
48 45 1
49 45 1
52 45 1
53 45 5
55 45 1
56 45 2
57 45 1
58 45 2
59 45 4
62 45 1
70 45 2
71 45 2
76 45 1
78 45 1
79 45 2
83 45 2
88 45 1
91 45 1
93 45 5
95 45 6
96 45 5
101 45 5
103 45 2
108 45 1
109 45 2
110 45 2
113 45 1
114 45 1
118 45 1
134 45 1
139 45 2
140 45 2
28 46 1
81 46 1
6 47 2
62 47 1
63 47 1
94 47 1
100 47 1
103 47 1
109 47 2
1 48 2
16 48 2
46 48 3
47 48 1
48 48 2
50 48 1
56 48 1
76 48 1
105 48 2
120 48 1
1 49 1
12 49 1
49 49 1
71 49 5
72 49 1
98 49 1
100 49 1
105 49 1
122 49 1
87 50 1
108 50 2
118 50 1
3 51 1
6 51 1
7 51 1
8 51 1
9 51 2
14 51 2
27 51 1
36 51 2
37 51 1
41 51 1
42 51 1
45 51 1
51 51 3
73 51 1
87 51 1
97 51 1
104 51 1
107 51 12
113 51 1
124 51 3
139 51 1
5 52 14
6 52 2
34 52 1
45 52 2
47 52 1
52 52 1
69 52 1
75 52 1
76 52 2
94 52 3
103 52 3
117 52 1
7 53 1
12 53 1
24 53 1
27 53 1
45 53 1
101 53 3
103 53 2
114 53 1
117 53 2
1 54 1
2 54 3
3 54 1
4 54 4
10 54 1
15 54 1
17 54 1
27 54 1
28 54 1
34 54 11
37 54 7
48 54 1
54 54 3
58 54 1
66 54 1
67 54 1
73 54 1
139 54 9
10 55 19
13 55 2
18 55 1
21 55 3
28 55 6
34 55 1
42 55 2
54 55 1
55 55 1
58 55 1
83 55 2
85 55 4
91 55 2
106 55 1
112 55 1
116 55 1
5 56 2
6 56 2
46 56 1
56 56 1
86 56 2
87 56 1
110 56 1
6 57 1
10 57 1
18 57 1
27 57 2
39 57 1
40 57 2
45 57 1
47 57 5
48 57 1
57 57 1
80 57 1
81 57 2
100 57 1
117 57 6
3 58 1
4 58 1
6 58 1
8 58 3
9 58 1
10 58 2
12 58 3
13 58 1
17 58 1
21 58 1
26 58 3
27 58 6
28 58 2
31 58 1
34 58 1
38 58 1
42 58 1
43 58 1
46 58 2
58 58 1
62 58 2
70 58 1
83 58 1
84 58 1
85 58 2
86 58 2
110 58 1
112 58 1
139 58 1
3 59 1
8 59 1
9 59 4
14 59 1
20 59 7
21 59 2
26 59 1
27 59 3
30 59 1
32 59 2
34 59 1
35 59 2
36 59 1
38 59 2
39 59 1
41 59 2
42 59 2
54 59 1
59 59 4
60 59 1
64 59 1
65 59 2
66 59 1
69 59 10
70 59 4
71 59 5
73 59 2
88 59 1
90 59 1
91 59 3
92 59 1
93 59 1
101 59 1
110 59 1
113 59 3
124 59 4
140 59 2
1 60 1
3 60 1
6 60 1
14 60 1
15 60 1
16 60 1
31 60 2
60 60 5
65 60 1
69 60 9
70 60 1
101 60 1
105 60 2
4 61 1
16 61 3
23 61 3
26 61 1
28 61 1
34 61 1
42 61 3
63 61 2
69 61 2
113 61 1
2 62 3
10 62 1
12 62 2
24 62 1
26 62 5
41 62 2
42 62 1
52 62 2
54 62 2
55 62 1
62 62 1
76 62 35
97 62 1
109 62 1
113 62 5
8 63 1
11 63 1
26 63 2
28 63 1
32 63 1
34 63 1
38 63 2
42 63 16
44 63 2
47 63 1
61 63 1
63 63 1
67 63 1
76 63 7
86 63 1
93 63 1
94 63 1
96 63 2
107 63 1
112 63 1
117 63 1
141 63 1
2 64 1
6 64 2
10 64 1
11 64 1
14 64 1
23 64 2
26 64 1
34 64 4
59 64 2
69 64 3
106 64 1
112 64 8
2 65 1
4 65 1
6 65 1
13 65 2
20 65 2
24 65 1
25 65 3
26 65 4
33 65 1
35 65 1
41 65 2
59 65 3
65 65 5
66 65 1
69 65 6
71 65 2
94 65 1
105 65 1
116 65 1
119 65 1
121 65 4
16 66 1
18 66 1
23 66 2
27 66 3
28 66 3
40 66 1
66 66 1
97 66 1
116 66 1
141 66 1
4 67 3
11 67 1
14 67 1
15 67 1
16 67 1
17 67 2
20 67 2
24 67 1
27 67 3
28 67 1
33 67 3
34 67 2
36 67 2
44 67 1
48 67 1
62 67 8
63 67 3
64 67 1
67 67 2
112 67 2
113 67 1
125 67 1
11 68 3
20 68 4
24 68 4
25 68 5
36 68 3
67 68 1
68 68 24
69 68 2
70 68 1
71 68 11
101 68 2
120 68 1
121 68 6
11 69 4
20 69 5
23 69 1
24 69 1
25 69 1
30 69 1
32 69 1
33 69 1
34 69 1
59 69 2
60 69 3
61 69 1
62 69 2
64 69 2
65 69 2
68 69 28
69 69 25
70 69 1
71 69 86
112 69 1
116 69 2
121 69 54
11 70 2
14 70 3
20 70 2
22 70 2
24 70 3
25 70 4
27 70 4
30 70 1
39 70 2
59 70 9
60 70 2
63 70 3
68 70 13
69 70 10
70 70 38
71 70 28
90 70 1
113 70 1
121 70 5
124 70 2
11 71 13
18 71 1
20 71 7
23 71 2
24 71 7
25 71 18
26 71 1
32 71 2
33 71 2
35 71 1
39 71 3
49 71 4
59 71 4
60 71 1
65 71 3
68 71 13
69 71 16
70 71 8
71 71 57
77 71 1
112 71 2
116 71 17
121 71 83
124 71 1
27 72 1
72 72 1
115 72 1
122 72 1
10 73 1
19 73 1
35 73 5
37 73 1
93 73 1
107 73 3
109 73 4
110 73 2
115 73 1
45 74 1
57 74 1
117 74 2
7 75 1
26 75 2
28 75 2
37 75 1
48 75 1
52 75 2
56 75 1
63 75 1
69 75 3
75 75 1
76 75 1
101 75 1
103 75 1
1 76 1
11 76 1
16 76 1
48 76 1
52 76 1
54 76 1
61 76 1
67 76 1
76 76 1
120 76 1
15 77 1
20 77 2
23 77 1
45 77 1
49 77 1
102 77 1
1 78 5
48 78 1
78 78 1
111 78 1
118 78 1
120 78 1
79 79 2
77 80 1
81 80 1
88 80 1
93 80 1
120 80 1
12 81 1
58 81 1
113 81 1
139 81 1
10 82 1
27 82 1
55 82 1
112 82 3
2 83 5
4 83 1
10 83 1
24 83 1
27 83 2
34 83 3
38 83 1
42 83 2
106 83 1
2 84 4
4 84 4
10 84 3
11 84 1
13 84 1
15 84 1
16 84 1
18 84 1
21 84 7
28 84 3
35 84 1
38 84 1
54 84 3
55 84 1
58 84 1
85 84 1
92 84 1
101 84 1
112 84 3
113 84 1
114 84 2
116 84 1
44 85 1
45 85 1
56 85 1
86 85 1
1 86 1
9 86 1
12 86 1
73 86 1
82 86 1
87 86 3
108 86 2
116 86 1
18 87 1
27 87 1
54 87 1
88 87 2
89 87 1
92 87 1
105 87 1
111 87 1
1 88 3
43 88 1
89 88 2
107 88 5
111 88 1
119 88 1
122 88 1
137 88 1
6 89 1
9 89 1
18 89 1
20 89 2
23 89 1
26 89 2
36 89 1
39 89 3
41 89 1
58 89 2
59 89 1
69 89 6
70 89 8
71 89 3
73 89 1
90 89 4
97 89 1
109 89 1
124 89 1
3 90 1
10 90 3
19 90 1
21 90 2
26 90 1
34 90 2
44 90 1
71 90 1
85 90 2
91 90 3
92 90 1
97 90 2
121 90 1
1 91 1
2 91 1
10 91 16
12 91 1
21 91 1
42 91 1
43 91 1
85 91 1
92 91 1
115 91 1
7 92 1
28 92 2
34 92 2
41 92 1
45 92 1
64 92 1
93 92 3
104 92 1
113 92 3
114 92 1
10 93 1
47 93 1
49 93 1
63 93 2
78 93 1
94 93 5
100 93 1
103 93 1
113 93 1
134 93 1
6 94 1
7 94 4
9 94 1
45 94 1
86 94 2
93 94 1
95 94 2
140 94 2
28 95 1
44 95 3
45 95 2
96 95 1
105 95 1
10 96 1
14 96 1
17 96 1
24 96 1
30 96 1
36 96 1
41 96 2
45 96 1
47 96 1
51 96 1
64 96 2
97 96 1
98 96 1
99 96 1
101 96 2
104 96 1
110 96 1
115 96 1
4 97 1
13 97 1
17 97 8
18 97 1
21 97 1
24 97 1
35 97 1
36 97 1
49 97 1
58 97 1
97 97 1
98 97 3
109 97 1
110 97 2
116 97 1
124 97 2
1 98 1
80 98 1
110 98 1
8 99 1
15 99 1
44 99 1
49 99 1
58 99 1
76 99 1
77 99 1
99 99 1
118 99 1
120 99 1
44 100 3
45 100 4
47 100 1
63 100 2
70 100 1
81 100 1
84 100 3
87 100 1
96 100 1
101 100 9
103 100 1
110 100 1
120 100 1
122 100 1
3 101 2
7 101 1
33 101 1
37 101 1
45 101 6
75 101 1
76 101 4
120 101 1
1 102 1
28 102 1
31 102 1
32 102 1
45 102 1
94 102 1
96 102 1
105 102 1
109 102 1
37 103 2
47 103 2
97 103 1
107 103 1
1 104 1
52 104 1
105 104 2
1 105 1
9 105 2
12 105 1
13 105 1
17 105 2
19 105 1
35 105 1
36 105 2
39 105 1
42 105 1
51 105 1
57 105 1
76 105 2
85 105 2
91 105 1
105 105 1
106 105 2
110 105 2
135 105 1
6 106 1
18 106 1
36 106 1
49 106 1
51 106 1
56 106 1
87 106 1
88 106 1
89 106 4
107 106 2
111 106 4
1 107 3
2 107 1
5 107 1
6 107 1
15 107 1
72 107 1
78 107 2
81 107 1
89 107 2
108 107 1
3 108 2
6 108 2
7 108 1
9 108 1
18 108 1
27 108 1
36 108 2
45 108 1
47 108 1
52 108 1
56 108 2
58 108 2
61 108 1
73 108 2
98 108 1
101 108 3
108 108 2
109 108 1
139 108 2
4 109 1
6 109 1
10 109 2
14 109 1
15 109 1
26 109 1
35 109 4
37 109 1
38 109 1
41 109 1
42 109 1
45 109 3
51 109 1
54 109 1
59 109 1
63 109 1
73 109 3
78 109 1
90 109 1
97 109 1
98 109 3
109 109 2
110 109 6
113 109 1
123 109 1
139 109 2
1 110 4
76 110 2
87 110 2
89 110 1
105 110 2
107 110 29
111 110 4
118 110 1
12 111 3
14 111 1
15 111 1
26 111 4
27 111 6
28 111 1
29 111 1
31 111 1
34 111 1
40 111 1
42 111 1
58 111 2
61 111 1
67 111 1
69 111 2
92 111 1
112 111 2
113 111 1
116 111 1
2 112 1
12 112 4
13 112 1
15 112 6
16 112 1
18 112 1
20 112 4
26 112 13
27 112 6
30 112 1
32 112 2
38 112 1
41 112 2
42 112 4
45 112 2
62 112 2
66 112 1
67 112 3
69 112 1
76 112 2
85 112 1
92 112 1
96 112 1
112 112 3
113 112 3
114 112 2
120 112 2
123 112 1
3 113 1
9 113 1
10 113 3
11 113 1
18 113 1
21 113 1
39 113 1
45 113 1
50 113 1
63 113 1
64 113 1
73 113 1
98 113 1
109 113 1
114 113 3
133 113 1
139 113 3
42 114 1
50 114 2
73 114 1
78 114 1
89 114 1
127 114 2
2 115 1
4 115 3
10 115 1
11 115 3
12 115 2
15 115 1
21 115 1
22 115 2
24 115 3
25 115 4
26 115 5
30 115 5
35 115 1
36 115 3
41 115 1
43 115 1
55 115 1
58 115 1
69 115 2
71 115 3
87 115 1
98 115 1
106 115 3
112 115 3
113 115 6
116 115 10
124 115 2
131 115 1
1 116 1
27 117 1
34 117 1
44 117 2
45 117 2
53 117 3
55 117 1
74 117 1
93 117 1
98 117 5
107 117 1
113 117 1
117 117 1
1 118 1
18 118 1
78 118 1
90 118 1
100 118 1
105 118 1
114 118 1
21 119 1
50 119 1
56 119 1
89 119 1
111 119 1
1 120 1
28 120 1
48 120 2
63 120 1
99 120 1
105 120 1
111 120 1
120 120 1
2 121 1
4 121 4
10 121 1
11 121 14
13 121 1
16 121 5
20 121 8
22 121 2
24 121 2
25 121 13
26 121 3
28 121 3
32 121 1
35 121 2
42 121 7
55 121 2
59 121 1
60 121 3
63 121 1
65 121 1
68 121 12
69 121 11
70 121 21
71 121 37
83 121 2
85 121 5
116 121 14
117 121 1
121 121 87
50 122 1
78 122 1
118 122 1
4 123 1
9 123 3
10 123 2
37 123 1
39 123 1
45 123 1
51 123 1
55 123 2
59 123 1
67 123 1
85 123 1
97 123 2
108 123 1
111 123 1
119 123 2
123 123 3
139 123 1
9 124 3
16 124 1
18 124 2
21 124 2
45 124 3
61 124 1
67 124 1
71 124 1
73 124 1
82 124 2
90 124 3
97 124 1
104 124 2
107 124 1
110 124 1
112 124 1
115 124 3
124 124 2
131 125 1
4 126 1
133 126 1
115 127 2
132 128 1
129 129 1
130 129 1
1 130 1
134 131 2
135 131 1
1 132 1
98 132 1
135 132 1
138 132 1
132 133 1
139 133 1
137 134 1
1 135 1
6 135 1
7 135 2
9 135 5
19 135 1
40 135 1
42 135 1
45 135 1
48 135 1
54 135 1
56 135 1
92 135 1
104 135 9
109 135 2
110 135 1
114 135 1
139 135 2
140 135 1
8 136 1
9 136 3
19 136 1
30 136 1
36 136 1
45 136 1
96 136 1
97 136 2
139 136 2
140 136 3
3 137 1
23 137 1
87 137 1
111 137 1
135 137 1
141 137 3
142 137 1
47 138 1
93 138 1
142 138 2
143 138 3
