1 1 4
16 1 2
42 1 1
45 1 1
48 1 1
52 1 1
56 1 1
72 1 3
78 1 2
79 1 1
87 1 3
88 1 2
89 1 3
94 1 1
105 1 1
106 1 1
108 1 2
111 1 4
115 1 2
119 1 1
120 1 1
136 1 1
137 1 1
138 1 1
2 2 2
4 2 1
20 2 1
21 2 1
24 2 2
27 2 2
28 2 2
34 2 1
35 2 1
42 2 3
43 2 1
54 2 2
58 2 1
61 2 1
69 2 1
85 2 3
92 2 2
113 2 1
115 2 1
139 2 1
1 3 1
3 3 2
8 3 1
13 3 1
14 3 1
16 3 2
18 3 1
27 3 2
28 3 1
31 3 1
34 3 1
36 3 3
43 3 1
55 3 1
62 3 2
63 3 1
67 3 1
92 3 1
107 3 1
110 3 1
112 3 3
113 3 2
117 3 1
139 3 1
3 4 1
4 4 1
10 4 4
12 4 2
14 4 1
15 4 1
17 4 1
18 4 2
19 4 1
23 4 1
27 4 3
28 4 4
35 4 2
50 4 1
55 4 1
63 4 1
67 4 1
84 4 1
90 4 1
112 4 2
124 4 1
5 5 3
51 5 1
100 5 1
101 5 1
108 5 1
111 5 1
6 6 2
9 6 1
13 6 1
14 6 1
21 6 2
35 6 1
36 6 1
42 6 1
60 6 1
63 6 1
97 6 1
98 6 1
105 6 3
109 6 1
3 7 2
5 7 1
6 7 2
7 7 2
9 7 3
14 7 1
15 7 1
19 7 1
20 7 1
21 7 1
45 7 6
57 7 2
58 7 1
59 7 2
95 7 1
103 7 2
109 7 1
113 7 1
125 7 7
139 7 2
7 8 3
8 8 1
9 8 4
15 8 1
45 8 3
53 8 1
56 8 1
84 8 1
90 8 2
95 8 2
96 8 1
97 8 1
101 8 2
106 8 1
114 8 1
3 9 2
4 9 1
8 9 3
9 9 9
16 9 1
20 9 2
23 9 1
27 9 2
28 9 1
36 9 1
37 9 4
38 9 2
39 9 3
40 9 1
43 9 2
45 9 10
46 9 1
50 9 1
51 9 1
55 9 1
57 9 1
59 9 1
62 9 2
63 9 1
70 9 1
79 9 1
90 9 8
95 9 4
102 9 1
103 9 1
110 9 1
113 9 1
125 9 1
129 9 2
139 9 7
1 10 1
2 10 1
4 10 5
8 10 2
9 10 1
10 10 1
14 10 1
15 10 2
18 10 11
23 10 3
27 10 5
31 10 1
34 10 2
35 10 2
38 10 2
40 10 2
42 10 1
43 10 1
55 10 13
58 10 1
61 10 1
63 10 1
65 10 1
67 10 1
85 10 2
92 10 6
94 10 2
102 10 1
106 10 2
112 10 1
113 10 3
4 11 1
10 11 3
11 11 18
12 11 1
15 11 3
16 11 1
18 11 1
19 11 1
20 11 1
23 11 1
24 11 2
25 11 17
26 11 1
27 11 2
28 11 4
30 11 2
31 11 1
32 11 1
33 11 1
35 11 6
41 11 2
43 11 2
45 11 2
60 11 1
65 11 1
66 11 1
68 11 8
69 11 6
71 11 1
85 11 1
98 11 1
110 11 1
112 11 1
113 11 1
116 11 2
122 11 5
124 11 3
139 11 3
1 12 1
3 12 1
11 12 1
12 12 1
15 12 1
17 12 1
24 12 1
26 12 1
27 12 4
29 12 3
33 12 1
34 12 4
36 12 1
39 12 1
40 12 1
52 12 1
63 12 2
66 12 1
68 12 1
84 12 1
85 12 1
112 12 1
113 12 2
120 12 1
121 12 1
122 12 2
143 12 1
3 13 1
4 13 1
13 13 1
15 13 1
24 13 1
25 13 2
26 13 2
27 13 3
29 13 1
30 13 4
34 13 3
40 13 1
42 13 1
58 13 1
76 13 1
85 13 1
92 13 1
112 13 1
113 13 1
4 14 2
5 14 1
8 14 2
9 14 4
11 14 1
12 14 1
13 14 1
14 14 5
16 14 1
17 14 1
18 14 1
19 14 1
20 14 2
21 14 1
23 14 2
26 14 1
32 14 1
37 14 3
38 14 1
42 14 1
45 14 3
54 14 1
59 14 1
60 14 1
62 14 4
63 14 1
67 14 1
69 14 1
70 14 3
92 14 1
97 14 1
104 14 1
105 14 1
108 14 1
114 14 1
116 14 3
119 14 1
122 14 3
125 14 3
4 15 7
10 15 3
12 15 1
13 15 1
15 15 6
16 15 1
18 15 1
20 15 1
23 15 2
24 15 2
25 15 2
26 15 2
27 15 1
30 15 2
33 15 1
34 15 1
36 15 2
37 15 1
38 15 1
42 15 2
43 15 2
45 15 2
58 15 3
63 15 6
64 15 2
69 15 1
92 15 1
98 15 2
100 15 1
106 15 1
113 15 5
120 15 1
124 15 3
139 15 3
3 16 2
4 16 5
10 16 1
15 16 2
16 16 10
17 16 1
19 16 1
23 16 1
24 16 2
25 16 3
26 16 1
27 16 5
28 16 2
30 16 1
34 16 3
38 16 3
39 16 1
40 16 1
44 16 1
45 16 1
54 16 1
58 16 1
63 16 1
68 16 1
69 16 2
71 16 2
75 16 1
84 16 1
92 16 13
112 16 3
113 16 8
115 16 1
3 17 3
4 17 1
15 17 3
26 17 1
27 17 9
28 17 2
42 17 1
98 17 1
112 17 1
116 17 2
4 18 4
6 18 3
7 18 1
10 18 9
12 18 1
13 18 1
17 18 1
18 18 6
24 18 4
26 18 4
27 18 1
42 18 1
54 18 2
57 18 1
66 18 1
85 18 1
110 18 2
2 19 1
3 19 1
4 19 1
10 19 1
12 19 1
16 19 1
27 19 2
28 19 2
40 19 1
91 19 1
2 20 1
4 20 3
9 20 6
11 20 2
14 20 4
16 20 6
20 20 13
25 20 2
26 20 1
27 20 1
31 20 1
32 20 1
33 20 1
39 20 2
41 20 2
43 20 1
45 20 2
59 20 7
63 20 3
64 20 1
65 20 8
68 20 12
69 20 26
70 20 22
71 20 10
90 20 5
93 20 1
95 20 1
97 20 1
100 20 1
101 20 1
108 20 1
112 20 3
113 20 1
114 20 1
116 20 4
122 20 15
125 20 5
1 21 1
4 21 2
6 21 1
8 21 1
10 21 1
11 21 4
13 21 1
14 21 4
16 21 5
17 21 1
18 21 6
19 21 1
21 21 4
24 21 1
30 21 1
31 21 1
36 21 2
38 21 2
39 21 2
40 21 1
43 21 1
47 21 1
50 21 1
51 21 2
52 21 2
56 21 1
58 21 1
59 21 1
60 21 1
62 21 4
68 21 3
76 21 4
84 21 2
91 21 1
97 21 1
98 21 2
106 21 2
116 21 1
11 22 2
13 22 2
16 22 1
19 22 1
21 22 4
22 22 7
23 22 2
24 22 3
25 22 2
59 22 4
65 22 2
68 22 4
69 22 5
70 22 2
71 22 3
116 22 2
122 22 12
4 23 1
10 23 2
12 23 1
15 23 3
16 23 6
22 23 1
23 23 12
26 23 2
27 23 1
28 23 4
32 23 6
33 23 2
34 23 21
36 23 2
38 23 1
41 23 3
42 23 3
47 23 1
66 23 2
67 23 1
70 23 1
71 23 1
92 23 1
108 23 1
112 23 3
113 23 1
12 24 1
15 24 1
16 24 2
18 24 1
21 24 1
22 24 2
23 24 4
24 24 6
25 24 3
26 24 4
27 24 2
30 24 1
32 24 1
34 24 1
41 24 6
42 24 2
60 24 1
61 24 1
64 24 2
65 24 1
67 24 1
68 24 6
69 24 6
70 24 8
85 24 3
112 24 1
122 24 2
2 25 7
10 25 1
11 25 14
12 25 1
13 25 3
16 25 4
18 25 1
20 25 2
21 25 3
24 25 7
25 25 33
26 25 1
27 25 6
29 25 33
30 25 2
31 25 1
32 25 7
35 25 5
36 25 2
41 25 3
42 25 1
44 25 1
45 25 1
59 25 4
60 25 1
61 25 1
65 25 1
66 25 2
68 25 7
69 25 12
70 25 9
71 25 24
83 25 1
98 25 3
110 25 2
116 25 8
122 25 9
124 25 1
2 26 1
8 26 1
22 26 1
24 26 2
26 26 5
27 26 1
28 26 1
33 26 2
34 26 1
42 26 3
44 26 1
52 26 1
59 26 2
61 26 1
62 26 2
63 26 1
64 26 2
68 26 1
69 26 2
70 26 2
71 26 2
85 26 1
112 26 8
113 26 8
139 26 1
140 26 1
1 27 1
3 27 2
10 27 1
15 27 1
16 27 3
17 27 1
21 27 1
23 27 23
25 27 1
26 27 2
27 27 6
31 27 2
42 27 3
43 27 1
44 27 23
45 27 3
58 27 1
62 27 2
67 27 1
75 27 5
76 27 1
78 27 1
85 27 1
106 27 6
112 27 9
113 27 5
124 27 1
139 27 1
2 28 1
4 28 1
10 28 3
15 28 1
16 28 5
17 28 1
23 28 12
25 28 1
26 28 1
28 28 4
30 28 2
34 28 1
35 28 2
40 28 3
42 28 4
46 28 1
52 28 1
55 28 1
58 28 4
62 28 5
64 28 1
66 28 1
67 28 2
87 28 1
93 28 1
98 28 1
103 28 3
106 28 2
114 28 1
119 28 1
139 28 1
3 29 1
12 29 1
16 29 47
24 29 1
26 29 2
29 29 2
30 29 2
34 29 1
62 29 1
65 29 2
68 29 3
69 29 6
112 29 1
2 30 1
10 30 1
15 30 1
16 30 2
25 30 1
26 30 4
27 30 1
28 30 1
29 30 2
30 30 4
31 30 1
34 30 3
42 30 1
45 30 2
49 30 1
58 30 2
60 30 1
61 30 6
63 30 1
65 30 4
69 30 3
70 30 4
71 30 5
83 30 1
84 30 1
113 30 1
122 30 4
3 31 2
9 31 1
10 31 2
11 31 1
12 31 1
15 31 2
17 31 20
18 31 1
27 31 2
28 31 2
31 31 2
32 31 1
35 31 5
42 31 1
43 31 1
58 31 1
61 31 2
64 31 2
67 31 1
68 31 2
70 31 4
73 31 1
75 31 3
78 31 2
85 31 4
97 31 1
113 31 3
114 31 1
125 31 1
5 32 1
6 32 1
9 32 2
11 32 1
20 32 2
21 32 1
23 32 2
27 32 1
30 32 1
32 32 8
38 32 2
45 32 4
59 32 6
63 32 1
69 32 3
70 32 1
71 32 1
85 32 1
91 32 1
103 32 2
113 32 1
122 32 1
10 33 1
12 33 1
25 33 1
34 33 1
42 33 1
69 33 2
70 33 1
83 33 1
112 33 1
16 34 2
18 34 1
23 34 1
26 34 2
33 34 1
66 34 1
67 34 3
103 34 2
139 34 1
4 35 1
9 35 2
19 35 1
25 35 1
28 35 2
35 35 1
38 35 1
40 35 1
42 35 1
65 35 3
67 35 1
68 35 3
69 35 2
73 35 1
85 35 1
91 35 1
106 35 1
127 35 1
1 36 1
2 36 1
6 36 1
8 36 2
9 36 1
10 36 2
14 36 1
15 36 4
16 36 14
24 36 2
35 36 1
36 36 4
38 36 4
39 36 3
41 36 1
43 36 1
45 36 1
50 36 1
52 36 1
59 36 1
63 36 1
67 36 1
70 36 1
82 36 1
94 36 1
105 36 1
108 36 2
111 36 1
114 36 1
116 36 3
124 36 1
4 37 1
9 37 1
11 37 1
14 37 2
20 37 2
36 37 1
37 37 1
38 37 3
45 37 3
72 37 1
77 37 2
90 37 2
103 37 1
113 37 2
114 37 3
124 37 1
131 37 1
1 38 3
3 38 1
4 38 2
6 38 11
10 38 1
11 38 4
16 38 13
18 38 1
21 38 1
23 38 2
28 38 2
35 38 1
36 38 5
45 38 2
51 38 1
58 38 1
85 38 1
88 38 1
90 38 1
95 38 1
97 38 1
98 38 1
110 38 1
113 38 1
114 38 1
115 38 1
125 38 4
128 38 1
139 38 2
1 39 1
9 39 1
15 39 3
18 39 1
20 39 2
21 39 1
31 39 1
36 39 3
39 39 5
42 39 1
43 39 1
45 39 1
50 39 1
54 39 1
55 39 1
59 39 3
70 39 2
71 39 2
73 39 1
90 39 1
98 39 1
100 39 1
101 39 1
105 39 4
107 39 2
125 39 2
1 40 1
4 40 1
16 40 1
17 40 1
25 40 1
27 40 2
28 40 2
39 40 1
40 40 1
43 40 2
97 40 2
3 41 1
14 41 1
15 41 1
23 41 3
24 41 2
26 41 1
27 41 1
31 41 1
34 41 1
37 41 1
38 41 1
39 41 3
41 41 4
43 41 1
52 41 1
59 41 4
60 41 1
61 41 1
67 41 1
69 41 1
71 41 7
85 41 2
90 41 1
110 41 2
116 41 3
122 41 2
2 42 1
3 42 1
11 42 4
15 42 1
16 42 2
20 42 3
21 42 1
23 42 1
26 42 2
27 42 6
33 42 2
34 42 1
35 42 1
36 42 1
39 42 1
42 42 6
44 42 1
45 42 2
48 42 2
59 42 2
63 42 14
65 42 2
73 42 1
81 42 1
91 42 1
92 42 1
107 42 2
111 42 1
112 42 4
113 42 9
4 43 1
6 43 1
27 43 2
36 43 2
38 43 1
40 43 1
42 43 2
43 43 2
50 43 1
54 43 2
58 43 1
84 43 1
85 43 1
95 43 1
106 43 16
107 43 1
114 43 4
4 44 1
5 44 6
9 44 1
16 44 1
20 44 3
22 44 1
41 44 2
42 44 2
45 44 2
53 44 1
63 44 1
66 44 1
70 44 1
96 44 1
98 44 1
101 44 3
102 44 1
113 44 1
121 44 1
1 45 2
3 45 1
5 45 2
7 45 15
8 45 5
9 45 6
11 45 2
12 45 1
15 45 2
20 45 2
23 45 1
24 45 2
25 45 2
26 45 3
28 45 2
31 45 2
36 45 1
37 45 1
38 45 1
44 45 4
45 45 11
47 45 1
50 45 1
52 45 3
55 45 2
56 45 2
59 45 2
62 45 1
63 45 4
69 45 2
74 45 1
75 45 1
81 45 2
84 45 1
85 45 1
86 45 2
91 45 2
93 45 1
95 45 4
96 45 4
97 45 2
98 45 1
103 45 2
109 45 4
110 45 6
111 45 3
112 45 1
116 45 2
120 45 1
125 45 2
133 45 1
136 45 1
139 45 6
44 46 2
78 46 1
3 47 2
6 47 1
14 47 1
15 47 1
18 47 1
26 47 1
46 47 1
47 47 3
52 47 1
57 47 1
85 47 1
89 47 2
93 47 1
99 47 2
100 47 1
105 47 1
1 48 1
5 48 1
16 48 1
28 48 1
45 48 1
49 48 1
80 48 1
94 48 1
100 48 1
105 48 1
121 48 2
48 49 1
49 49 2
50 49 2
71 49 4
123 49 2
7 50 2
43 50 6
48 50 1
50 50 1
77 50 1
87 50 1
1 51 1
9 51 1
14 51 6
19 51 1
21 51 1
27 51 1
29 51 1
38 51 2
39 51 3
42 51 2
51 51 1
69 51 1
73 51 2
82 51 1
97 51 2
103 51 1
107 51 2
120 51 1
125 51 3
3 52 1
20 52 1
28 52 1
45 52 1
48 52 1
52 52 6
75 52 1
76 52 2
86 52 3
88 52 1
89 52 1
121 52 1
6 53 1
44 53 1
45 53 2
53 53 1
101 53 1
118 53 4
137 53 1
2 54 2
4 54 1
12 54 1
18 54 2
28 54 1
29 54 4
33 54 1
34 54 5
36 54 1
42 54 2
54 54 3
63 54 1
66 54 1
84 54 1
89 54 2
103 54 1
113 54 2
10 55 5
15 55 1
21 55 5
22 55 2
28 55 2
31 55 1
48 55 1
55 55 3
84 55 1
94 55 1
124 55 4
1 56 3
5 56 1
48 56 1
56 56 2
108 56 1
110 56 1
119 56 2
10 57 1
11 57 1
16 57 1
47 57 4
49 57 1
50 57 1
57 57 1
58 57 1
73 57 1
76 57 2
98 57 1
118 57 1
121 57 1
8 58 6
16 58 2
17 58 1
21 58 1
27 58 3
28 58 3
34 58 1
36 58 1
38 58 3
39 58 1
43 58 2
45 58 1
51 58 1
58 58 1
59 58 1
64 58 1
85 58 7
91 58 1
103 58 1
110 58 1
112 58 1
1 59 1
3 59 2
8 59 2
9 59 2
11 59 1
14 59 5
16 59 2
18 59 1
20 59 7
22 59 1
23 59 2
24 59 3
25 59 2
26 59 1
27 59 2
28 59 2
32 59 3
34 59 2
37 59 1
41 59 1
42 59 1
44 59 1
45 59 4
55 59 1
58 59 1
59 59 12
64 59 1
65 59 4
68 59 3
69 59 10
70 59 5
71 59 5
76 59 1
90 59 3
91 59 1
95 59 6
97 59 1
100 59 1
103 59 2
109 59 1
110 59 2
111 59 1
124 59 1
3 60 2
9 60 2
21 60 2
36 60 4
59 60 4
60 60 3
61 60 2
69 60 5
70 60 1
91 60 1
97 60 1
113 60 1
122 60 1
140 60 2
3 61 1
16 61 1
24 61 2
26 61 2
27 61 1
28 61 1
29 61 1
30 61 1
42 61 1
61 61 1
63 61 5
83 61 1
113 61 1
2 62 17
3 62 2
12 62 6
15 62 1
26 62 4
27 62 2
30 62 2
31 62 1
34 62 1
41 62 1
52 62 1
58 62 1
62 62 2
67 62 2
75 62 1
93 62 1
110 62 1
140 62 2
2 63 1
3 63 1
4 63 1
6 63 1
12 63 2
14 63 1
15 63 1
20 63 2
25 63 1
31 63 1
33 63 1
34 63 3
42 63 2
45 63 4
46 63 1
52 63 2
53 63 2
54 63 1
58 63 1
61 63 2
63 63 1
64 63 1
68 63 1
71 63 1
77 63 1
78 63 1
101 63 4
112 63 3
113 63 1
11 64 2
12 64 1
14 64 1
20 64 3
26 64 1
28 64 1
35 64 2
59 64 2
63 64 1
64 64 1
69 64 1
70 64 1
112 64 1
139 64 1
11 65 2
12 65 1
25 65 1
26 65 1
27 65 1
29 65 2
32 65 2
35 65 1
62 65 1
65 65 3
68 65 5
71 65 3
101 65 1
112 65 1
122 65 2
10 66 1
12 66 1
16 66 2
17 66 1
20 66 1
23 66 1
24 66 1
26 66 1
28 66 1
29 66 2
42 66 1
65 66 1
66 66 1
83 66 1
112 66 2
123 66 1
3 67 1
4 67 1
11 67 1
18 67 1
26 67 2
30 67 4
33 67 3
34 67 6
62 67 1
63 67 2
64 67 3
85 67 1
90 67 1
113 67 1
114 67 1
118 67 1
125 67 1
128 67 1
3 68 1
11 68 2
20 68 4
23 68 5
24 68 1
25 68 4
32 68 1
36 68 5
60 68 2
63 68 1
68 68 31
69 68 1
71 68 33
112 68 1
116 68 2
122 68 1
11 69 4
15 69 1
20 69 5
22 69 4
23 69 1
24 69 1
25 69 6
26 69 1
30 69 3
32 69 2
33 69 1
41 69 3
58 69 1
59 69 5
60 69 5
62 69 2
64 69 5
65 69 2
68 69 3
69 69 46
70 69 5
71 69 107
92 69 1
105 69 1
116 69 4
122 69 32
2 70 1
11 70 5
12 70 1
13 70 2
14 70 2
20 70 7
22 70 3
24 70 6
25 70 7
27 70 2
28 70 1
29 70 2
31 70 2
32 70 1
41 70 5
58 70 2
59 70 17
63 70 1
65 70 2
68 70 12
69 70 12
70 70 39
71 70 27
74 70 2
90 70 3
91 70 2
113 70 5
116 70 2
122 70 18
4 71 2
11 71 11
12 71 1
13 71 1
15 71 2
16 71 4
20 71 2
22 71 2
24 71 10
25 71 25
32 71 2
39 71 2
42 71 1
49 71 2
59 71 3
65 71 7
68 71 21
69 71 11
70 71 27
71 71 48
116 71 6
122 71 103
49 72 1
50 72 1
111 72 1
123 72 3
5 73 1
6 73 1
21 73 1
37 73 1
38 73 1
39 73 1
43 73 3
69 73 2
73 73 2
82 73 1
86 73 1
107 73 1
108 73 1
118 73 2
125 73 1
20 74 1
74 74 1
96 74 1
105 74 1
5 75 10
41 75 1
52 75 3
59 75 2
63 75 1
75 75 2
92 75 1
100 75 1
110 75 2
125 75 1
6 76 2
10 76 1
14 76 1
35 76 1
61 76 1
76 76 5
103 76 1
104 76 1
77 77 1
96 77 1
113 77 1
1 78 2
20 78 2
49 78 1
78 78 1
88 78 1
105 78 1
108 78 1
111 78 1
114 78 1
123 78 3
18 79 1
79 79 2
99 79 1
80 80 3
81 81 1
36 82 1
37 82 1
52 82 1
73 82 1
82 82 1
106 82 1
10 83 1
11 83 1
12 83 1
17 83 1
27 83 1
34 83 1
36 83 1
42 83 1
55 83 1
67 83 1
71 83 4
83 83 2
99 83 1
112 83 1
4 84 1
5 84 1
10 84 1
12 84 1
15 84 1
16 84 1
21 84 2
26 84 1
27 84 5
34 84 24
42 84 3
61 84 1
66 84 1
91 84 1
92 84 1
125 84 1
126 84 1
2 85 2
10 85 3
15 85 1
26 85 2
27 85 1
28 85 1
30 85 2
43 85 2
58 85 1
85 85 2
39 86 1
108 86 1
123 86 2
1 87 2
9 87 1
17 87 1
72 87 1
107 87 1
108 87 1
9 88 1
14 88 1
45 88 2
47 88 1
88 88 2
105 88 1
120 88 1
124 88 1
1 89 2
46 89 1
107 89 5
125 89 1
4 90 1
9 90 2
10 90 1
14 90 1
19 90 1
21 90 1
25 90 1
26 90 1
31 90 1
32 90 2
36 90 1
37 90 2
55 90 1
58 90 1
59 90 6
60 90 1
61 90 1
68 90 2
69 90 2
70 90 5
71 90 2
90 90 2
98 90 1
110 90 1
113 90 1
114 90 2
6 91 2
8 91 1
13 91 1
20 91 2
27 91 1
31 91 2
36 91 1
63 91 1
73 91 1
90 91 1
92 91 1
10 92 6
12 92 2
15 92 1
16 92 1
21 92 1
26 92 2
33 92 1
39 92 1
42 92 2
58 92 1
85 92 1
88 92 1
92 92 1
112 92 1
116 92 1
6 93 1
10 93 1
15 93 1
16 93 1
26 93 1
34 93 1
63 93 1
76 93 2
94 93 1
103 93 1
125 93 2
137 93 1
16 94 1
22 94 2
38 94 2
47 94 1
94 94 2
123 94 1
7 95 3
9 95 2
45 95 2
95 95 2
108 95 2
120 95 1
140 95 1
15 96 2
45 96 1
52 96 1
60 96 2
74 96 1
96 96 4
101 96 1
103 96 2
113 96 2
9 97 2
15 97 2
20 97 2
27 97 1
36 97 1
42 97 2
44 97 1
55 97 1
97 97 3
103 97 1
112 97 1
119 97 1
124 97 2
139 97 1
1 98 2
8 98 1
9 98 1
10 98 1
17 98 4
35 98 1
39 98 1
45 98 1
49 98 1
97 98 1
98 98 6
109 98 1
115 98 1
116 98 1
1 99 1
20 99 2
67 99 2
77 99 1
89 99 1
111 99 1
121 99 2
24 100 1
35 100 1
44 100 1
52 100 1
64 100 1
76 100 1
77 100 2
99 100 1
119 100 1
123 100 1
11 101 4
12 101 1
15 101 2
22 101 1
26 101 2
48 101 1
65 101 1
76 101 2
77 101 1
94 101 1
101 101 11
104 101 1
123 101 1
16 102 2
31 102 1
45 102 2
101 102 2
102 102 1
139 102 1
1 103 1
10 103 1
25 103 1
28 103 1
31 103 1
45 103 2
47 103 1
94 103 1
105 103 1
113 103 1
137 103 1
1 104 2
8 104 1
14 104 1
18 104 1
37 104 1
45 104 1
51 104 1
54 104 1
58 104 1
59 104 1
62 104 1
63 104 1
111 104 2
139 104 4
1 105 1
19 105 1
20 105 2
77 105 1
88 105 1
105 105 1
10 106 1
14 106 2
16 106 1
17 106 2
18 106 1
21 106 1
25 106 1
26 106 1
36 106 1
38 106 1
39 106 1
42 106 3
54 106 1
62 106 1
76 106 1
106 106 2
110 106 1
116 106 1
120 106 1
6 107 1
7 107 1
10 107 1
11 107 1
18 107 1
43 107 4
45 107 2
47 107 1
49 107 1
51 107 1
73 107 2
76 107 1
88 107 1
89 107 2
92 107 1
109 107 1
110 107 2
111 107 35
115 107 1
120 107 1
125 107 1
1 108 3
3 108 2
14 108 1
27 108 1
42 108 1
86 108 1
87 108 2
88 108 1
113 108 1
124 108 1
1 109 1
6 109 7
8 109 1
10 109 2
40 109 1
47 109 1
56 109 2
62 109 1
77 109 1
89 109 1
91 109 1
107 109 1
125 109 1
132 109 1
139 109 1
1 110 1
6 110 1
8 110 1
25 110 1
35 110 4
36 110 1
38 110 1
39 110 1
45 110 5
52 110 1
54 110 1
59 110 1
69 110 1
92 110 1
108 110 1
110 110 3
113 110 1
120 110 1
125 110 3
139 110 1
1 111 5
5 111 1
47 111 1
52 111 1
4 112 2
16 112 4
26 112 3
27 112 1
28 112 1
31 112 1
33 112 1
40 112 1
42 112 2
54 112 1
58 112 1
64 112 2
92 112 1
112 112 1
1 113 1
4 113 1
6 113 1
9 113 1
10 113 1
12 113 3
15 113 1
16 113 15
20 113 2
23 113 1
24 113 3
26 113 12
27 113 2
32 113 2
33 113 2
34 113 1
37 113 2
41 113 2
42 113 5
59 113 1
62 113 3
66 113 1
67 113 1
70 113 1
74 113 2
96 113 2
98 113 1
112 113 7
113 113 6
114 113 1
4 114 2
5 114 2
8 114 1
14 114 1
19 114 1
23 114 1
27 114 1
31 114 2
45 114 1
47 114 1
78 114 1
91 114 1
114 114 1
125 114 1
139 114 1
12 115 1
21 115 2
38 115 1
45 115 2
56 115 1
59 115 2
115 115 1
124 115 1
130 115 1
1 116 1
4 116 2
16 116 1
17 116 3
21 116 2
23 116 1
24 116 1
25 116 3
26 116 2
30 116 3
36 116 2
40 116 1
42 116 2
47 116 1
68 116 8
69 116 3
71 116 2
98 116 1
108 116 1
112 116 3
116 116 7
122 116 2
15 117 1
89 117 1
117 117 1
16 118 2
28 118 21
42 118 3
44 118 1
45 118 1
53 118 2
63 118 6
76 118 1
96 118 1
98 118 2
103 118 2
114 118 1
45 119 1
48 119 1
49 119 1
78 119 1
88 119 1
119 119 1
5 120 1
32 120 1
78 120 1
82 120 1
87 120 1
88 120 1
120 120 1
142 120 1
1 121 2
21 121 1
48 121 2
63 121 4
89 121 1
94 121 1
99 121 3
121 121 2
2 122 4
11 122 9
13 122 2
16 122 2
20 122 3
22 122 4
24 122 6
25 122 23
26 122 5
28 122 1
29 122 2
32 122 1
35 122 2
41 122 4
55 122 4
59 122 1
60 122 2
62 122 2
64 122 1
65 122 1
68 122 14
69 122 23
70 122 10
71 122 21
85 122 3
98 122 1
116 122 8
122 122 75
125 122 2
72 123 1
89 123 1
1 124 1
3 124 1
10 124 5
15 124 1
16 124 1
18 124 2
21 124 1
23 124 1
27 124 1
36 124 2
42 124 1
45 124 1
90 124 1
109 124 1
110 124 2
115 124 1
124 124 3
139 124 1
3 125 1
8 125 2
14 125 1
15 125 2
20 125 3
39 125 2
40 125 1
54 125 1
55 125 1
57 125 2
59 125 1
63 125 2
90 125 1
101 125 1
110 125 1
113 125 1
116 125 1
118 125 1
125 125 1
139 125 3
126 126 1
125 127 1
127 127 3
135 127 1
1 128 1
38 128 1
128 128 3
120 129 1
110 130 1
115 130 1
132 130 1
133 131 2
4 132 1
133 132 1
78 133 1
89 133 1
134 133 1
138 133 1
1 134 1
4 134 1
129 134 1
21 135 1
120 135 1
136 135 1
143 135 1
136 136 2
111 137 1
134 138 1
2 139 1
9 139 2
10 139 2
14 139 2
18 139 1
28 139 1
31 139 1
42 139 3
43 139 1
44 139 1
45 139 2
51 139 1
54 139 1
59 139 1
67 139 1
69 139 1
83 139 1
84 139 1
89 139 2
109 139 2
110 139 2
113 139 1
114 139 1
139 139 2
8 140 1
9 140 1
45 140 1
96 140 1
121 140 1
124 140 1
140 140 3
141 141 1
10 142 1
11 142 1
16 142 1
63 142 1
113 142 1
133 142 1
142 142 1
143 142 1
30 143 1
63 143 1
142 143 2
143 143 3
144 143 1
