1 1 4
4 1 3
5 1 2
10 1 30
12 1 1
13 1 1
42 1 2
47 1 1
48 1 1
56 1 2
72 1 3
73 1 2
78 1 4
86 1 4
87 1 7
108 1 1
109 1 1
111 1 5
120 1 1
121 1 1
123 1 3
130 1 1
2 2 4
4 2 2
10 2 1
25 2 1
26 2 4
27 2 2
33 2 1
34 2 1
39 2 1
40 2 1
42 2 1
64 2 1
83 2 1
112 2 1
113 2 1
116 2 1
134 2 1
1 3 1
3 3 4
4 3 1
9 3 3
10 3 1
16 3 2
17 3 1
19 3 1
20 3 3
22 3 1
23 3 1
24 3 4
26 3 2
27 3 8
32 3 1
33 3 2
35 3 1
36 3 3
37 3 1
39 3 1
40 3 2
41 3 2
42 3 1
49 3 1
53 3 1
54 3 2
59 3 1
61 3 1
62 3 2
84 3 1
90 3 1
98 3 1
100 3 1
109 3 2
110 3 1
113 3 7
119 3 1
1 4 1
2 4 1
3 4 3
4 4 2
10 4 8
12 4 3
13 4 3
15 4 5
16 4 23
17 4 4
18 4 2
19 4 4
26 4 2
27 4 1
28 4 2
30 4 1
31 4 1
40 4 1
42 4 1
54 4 5
55 4 7
58 4 4
84 4 6
92 4 2
96 4 1
103 4 2
112 4 4
113 4 1
115 4 2
130 4 1
14 5 1
47 5 1
54 5 2
3 6 1
6 6 1
9 6 5
10 6 1
21 6 10
36 6 4
37 6 2
40 6 1
54 6 2
56 6 1
72 6 2
76 6 1
78 6 1
86 6 1
91 6 1
105 6 2
106 6 28
115 6 1
124 6 1
7 7 4
8 7 1
9 7 3
15 7 2
23 7 1
26 7 1
45 7 6
90 7 3
91 7 2
95 7 5
102 7 1
109 7 1
119 7 1
125 7 5
8 8 2
9 8 3
11 8 1
14 8 1
18 8 2
20 8 3
38 8 1
45 8 11
60 8 1
89 8 1
96 8 1
97 8 1
110 8 7
114 8 1
137 8 2
138 8 1
1 9 1
2 9 1
3 9 10
4 9 2
7 9 4
8 9 2
9 9 4
10 9 2
11 9 1
14 9 2
18 9 4
20 9 1
21 9 4
26 9 1
29 9 1
35 9 4
36 9 3
37 9 1
38 9 1
39 9 6
40 9 3
45 9 29
50 9 1
51 9 2
54 9 2
55 9 2
57 9 1
58 9 1
59 9 5
60 9 2
67 9 2
69 9 2
73 9 2
76 9 2
89 9 2
90 9 1
95 9 3
98 9 6
101 9 1
102 9 1
104 9 3
106 9 4
107 9 2
108 9 1
111 9 1
114 9 1
124 9 1
125 9 5
137 9 1
138 9 2
2 10 1
4 10 4
10 10 9
17 10 1
18 10 1
19 10 1
20 10 1
25 10 2
26 10 1
28 10 1
38 10 1
42 10 2
61 10 1
63 10 1
65 10 1
84 10 1
104 10 1
109 10 1
110 10 1
112 10 2
114 10 1
117 10 1
124 10 1
129 10 1
11 11 11
13 11 2
15 11 1
18 11 2
20 11 1
21 11 1
22 11 1
25 11 6
26 11 2
27 11 2
30 11 2
33 11 1
34 11 2
38 11 1
41 11 1
42 11 1
58 11 1
62 11 1
65 11 3
67 11 3
68 11 2
70 11 4
71 11 1
83 11 2
106 11 1
122 11 4
125 11 1
2 12 1
4 12 3
12 12 2
17 12 1
25 12 3
26 12 1
27 12 4
28 12 3
34 12 2
42 12 1
43 12 1
58 12 2
63 12 1
71 12 1
83 12 2
94 12 1
101 12 1
104 12 1
113 12 2
4 13 1
12 13 1
13 13 8
15 13 1
17 13 1
30 13 2
69 13 1
88 13 1
113 13 1
1 14 1
2 14 1
6 14 2
8 14 1
9 14 5
11 14 1
12 14 1
14 14 5
15 14 1
16 14 2
18 14 1
21 14 4
23 14 2
32 14 1
37 14 2
38 14 1
39 14 1
42 14 1
44 14 1
45 14 2
51 14 1
59 14 1
60 14 1
69 14 3
84 14 1
85 14 1
89 14 1
91 14 1
97 14 4
104 14 6
108 14 1
109 14 2
110 14 2
120 14 1
125 14 1
137 14 1
2 15 2
4 15 1
6 15 1
8 15 1
11 15 8
14 15 1
15 15 5
17 15 1
18 15 6
19 15 1
20 15 2
22 15 2
23 15 2
24 15 3
27 15 6
28 15 4
29 15 1
30 15 6
40 15 1
41 15 2
42 15 1
64 15 1
66 15 1
67 15 1
85 15 1
103 15 2
112 15 3
113 15 2
116 15 2
119 15 1
124 15 2
4 16 2
16 16 6
23 16 1
25 16 1
26 16 1
27 16 1
28 16 2
30 16 4
34 16 3
42 16 1
58 16 1
62 16 1
63 16 1
64 16 2
67 16 1
68 16 1
71 16 1
77 16 1
87 16 1
94 16 1
112 16 2
116 16 2
118 16 1
122 16 6
4 17 2
6 17 1
15 17 1
17 17 2
26 17 3
31 17 1
34 17 1
36 17 1
39 17 1
42 17 1
54 17 1
58 17 1
67 17 1
72 17 1
79 17 1
112 17 1
113 17 1
9 18 1
10 18 2
18 18 8
21 18 1
26 18 1
28 18 1
32 18 1
42 18 1
55 18 1
58 18 1
59 18 2
66 18 1
71 18 1
79 18 1
84 18 1
85 18 1
86 18 1
104 18 1
110 18 1
137 18 1
4 19 14
10 19 1
17 19 1
21 19 3
29 19 1
42 19 1
57 19 1
98 19 1
104 19 1
107 19 1
110 19 2
116 19 1
137 19 2
4 20 1
5 20 2
6 20 1
9 20 1
10 20 14
11 20 8
12 20 1
14 20 1
15 20 1
19 20 1
20 20 10
21 20 1
23 20 1
24 20 10
27 20 3
32 20 1
33 20 1
34 20 4
41 20 3
42 20 1
45 20 3
51 20 3
58 20 2
59 20 4
60 20 8
61 20 3
63 20 4
64 20 2
65 20 1
69 20 11
70 20 2
71 20 6
85 20 1
92 20 1
97 20 1
101 20 2
106 20 1
107 20 2
112 20 3
116 20 1
122 20 3
125 20 1
126 20 1
4 21 2
6 21 2
9 21 4
10 21 2
11 21 4
12 21 3
14 21 6
15 21 7
17 21 1
18 21 6
21 21 5
25 21 1
26 21 1
27 21 1
28 21 4
30 21 1
31 21 1
34 21 5
36 21 1
42 21 2
43 21 4
47 21 1
51 21 5
55 21 1
56 21 3
58 21 2
61 21 2
66 21 2
69 21 1
70 21 2
71 21 2
73 21 1
78 21 1
83 21 1
85 21 1
89 21 2
97 21 1
98 21 1
101 21 1
109 21 1
110 21 5
113 21 1
114 21 1
115 21 2
116 21 2
121 21 1
122 21 2
4 22 1
6 22 1
10 22 2
15 22 1
20 22 1
23 22 1
24 22 2
27 22 1
28 22 2
33 22 1
34 22 1
39 22 4
55 22 1
58 22 1
59 22 1
65 22 1
69 22 5
70 22 5
71 22 1
78 22 1
97 22 1
102 22 1
112 22 3
116 22 1
137 22 1
2 23 2
4 23 1
11 23 5
12 23 1
13 23 1
14 23 1
15 23 9
16 23 2
17 23 3
18 23 1
23 23 3
24 23 4
25 23 4
26 23 11
27 23 5
28 23 6
30 23 3
33 23 4
34 23 19
35 23 11
41 23 8
42 23 3
58 23 2
63 23 1
64 23 1
65 23 1
66 23 1
73 23 1
84 23 2
85 23 7
88 23 1
92 23 3
100 23 1
112 23 1
113 23 1
114 23 8
115 23 1
116 23 1
122 23 1
2 24 1
4 24 2
8 24 1
10 24 1
11 24 1
12 24 2
13 24 2
15 24 1
17 24 2
20 24 1
24 24 11
25 24 3
26 24 7
27 24 2
30 24 3
31 24 2
32 24 1
33 24 3
40 24 3
41 24 2
42 24 11
55 24 1
59 24 1
61 24 1
64 24 2
65 24 1
66 24 2
67 24 2
69 24 3
70 24 2
85 24 8
98 24 1
112 24 2
116 24 2
125 24 1
2 25 1
9 25 3
11 25 11
13 25 3
16 25 1
17 25 1
21 25 4
22 25 2
25 25 14
27 25 2
31 25 1
32 25 1
33 25 1
36 25 2
38 25 1
40 25 2
41 25 1
59 25 2
67 25 3
68 25 2
69 25 3
70 25 4
71 25 5
85 25 1
92 25 1
98 25 5
107 25 1
110 25 8
112 25 4
116 25 1
122 25 1
2 26 1
6 26 3
7 26 1
9 26 1
10 26 2
12 26 3
15 26 1
16 26 1
17 26 2
18 26 1
21 26 1
22 26 1
23 26 2
24 26 2
25 26 1
26 26 5
27 26 7
30 26 2
33 26 2
34 26 8
38 26 1
42 26 9
43 26 2
44 26 1
60 26 1
61 26 3
63 26 2
70 26 1
71 26 1
85 26 1
92 26 1
106 26 2
108 26 1
112 26 3
124 26 1
2 27 1
11 27 1
12 27 2
13 27 3
15 27 4
16 27 8
17 27 2
19 27 1
20 27 2
23 27 3
25 27 8
27 27 6
31 27 1
34 27 5
36 27 1
38 27 1
39 27 2
40 27 2
42 27 1
55 27 1
61 27 4
62 27 2
65 27 2
69 27 1
79 27 1
84 27 1
85 27 5
92 27 1
93 27 1
94 27 1
104 27 9
110 27 1
112 27 1
113 27 3
115 27 2
121 27 3
135 27 2
2 28 1
4 28 4
13 28 6
15 28 5
16 28 6
21 28 1
23 28 5
28 28 7
30 28 1
33 28 2
34 28 2
35 28 1
39 28 1
40 28 3
42 28 1
48 28 1
58 28 1
67 28 1
85 28 2
87 28 2
92 28 1
110 28 1
15 29 1
16 29 1
20 29 1
23 29 1
24 29 10
26 29 2
28 29 1
29 29 1
30 29 1
34 29 5
35 29 1
40 29 5
42 29 4
55 29 1
59 29 1
60 29 4
62 29 1
67 29 1
83 29 2
94 29 1
108 29 1
112 29 5
113 29 1
4 30 3
6 30 1
9 30 2
10 30 1
11 30 3
12 30 1
13 30 1
15 30 5
16 30 1
23 30 1
24 30 2
26 30 1
27 30 1
29 30 2
30 30 8
33 30 2
35 30 1
42 30 2
59 30 2
60 30 2
61 30 4
62 30 1
63 30 2
69 30 1
70 30 4
71 30 2
85 30 2
96 30 1
97 30 2
116 30 2
3 31 3
9 31 1
10 31 2
11 31 2
12 31 2
13 31 1
14 31 3
15 31 4
16 31 1
21 31 1
30 31 1
31 31 6
32 31 1
39 31 1
40 31 1
42 31 1
43 31 1
45 31 1
55 31 4
59 31 1
60 31 1
62 31 2
63 31 1
64 31 1
70 31 3
78 31 1
85 31 5
97 31 1
103 31 1
107 31 2
110 31 2
112 31 2
113 31 1
121 31 2
124 31 2
126 31 1
1 32 4
9 32 1
11 32 4
13 32 1
17 32 1
22 32 1
23 32 2
24 32 2
25 32 1
27 32 2
28 32 1
31 32 1
32 32 6
33 32 2
34 32 2
36 32 2
45 32 2
55 32 1
58 32 4
59 32 2
61 32 1
63 32 1
64 32 3
71 32 1
83 32 4
85 32 2
90 32 2
91 32 2
100 32 1
112 32 1
125 32 2
2 33 3
6 33 1
10 33 1
15 33 3
23 33 11
24 33 1
26 33 4
28 33 1
33 33 4
34 33 1
40 33 4
42 33 8
54 33 4
59 33 1
61 33 2
69 33 1
84 33 1
85 33 1
94 33 1
112 33 2
121 33 1
125 33 1
2 34 1
3 34 2
4 34 2
10 34 1
11 34 1
12 34 4
15 34 3
23 34 1
26 34 1
27 34 1
33 34 1
34 34 7
40 34 4
42 34 4
44 34 1
52 34 1
54 34 3
58 34 1
67 34 1
69 34 1
85 34 6
112 34 3
137 34 1
4 35 3
5 35 1
9 35 1
11 35 3
15 35 3
19 35 1
21 35 1
28 35 3
30 35 2
33 35 2
35 35 2
38 35 1
58 35 1
63 35 2
64 35 1
65 35 2
69 35 1
75 35 1
76 35 1
84 35 1
97 35 4
98 35 1
106 35 4
110 35 1
113 35 2
116 35 1
120 35 2
1 36 1
2 36 1
3 36 2
4 36 1
6 36 1
9 36 4
10 36 7
11 36 1
13 36 2
17 36 1
20 36 2
21 36 11
23 36 1
24 36 2
30 36 1
31 36 3
36 36 6
38 36 5
39 36 3
40 36 2
42 36 7
43 36 4
47 36 1
51 36 4
55 36 1
58 36 1
59 36 4
73 36 1
78 36 2
82 36 1
85 36 1
87 36 1
88 36 1
90 36 1
91 36 1
97 36 1
98 36 6
102 36 1
104 36 2
106 36 3
109 36 6
110 36 13
113 36 1
115 36 2
120 36 1
133 36 1
137 36 1
1 37 1
2 37 1
3 37 1
8 37 5
9 37 3
10 37 2
13 37 1
14 37 1
18 37 1
20 37 1
32 37 2
37 37 2
39 37 1
54 37 1
56 37 1
57 37 1
58 37 3
62 37 1
86 37 3
90 37 3
97 37 1
110 37 1
111 37 1
112 37 1
120 37 1
137 37 1
138 37 1
2 38 2
6 38 2
8 38 2
9 38 1
10 38 1
11 38 2
12 38 1
13 38 1
15 38 3
18 38 1
19 38 1
21 38 2
23 38 1
31 38 1
36 38 4
37 38 1
38 38 2
39 38 1
45 38 44
51 38 1
52 38 2
54 38 1
55 38 2
59 38 1
67 38 1
73 38 1
84 38 1
90 38 1
97 38 1
112 38 1
113 38 1
114 38 2
115 38 1
118 38 1
120 38 1
124 38 1
4 39 1
7 39 1
8 39 3
10 39 1
17 39 3
20 39 4
21 39 2
23 39 1
25 39 2
27 39 2
31 39 2
36 39 2
37 39 2
38 39 1
39 39 5
40 39 1
41 39 3
45 39 3
54 39 2
55 39 1
59 39 3
60 39 1
62 39 1
70 39 1
85 39 1
89 39 1
90 39 6
91 39 1
104 39 1
106 39 1
110 39 1
120 39 1
125 39 1
137 39 1
6 40 1
11 40 1
15 40 1
21 40 1
35 40 1
39 40 3
40 40 2
51 40 2
52 40 1
70 40 1
91 40 3
92 40 1
103 40 1
104 40 1
113 40 3
124 40 2
137 40 1
2 41 1
5 41 2
9 41 1
10 41 2
12 41 1
15 41 2
16 41 1
23 41 3
24 41 8
25 41 1
26 41 4
27 41 3
28 41 5
29 41 3
33 41 1
34 41 4
38 41 2
41 41 5
42 41 1
51 41 1
54 41 2
59 41 2
61 41 3
62 41 4
63 41 1
69 41 1
70 41 1
84 41 3
90 41 1
97 41 1
104 41 1
107 41 1
112 41 20
113 41 1
121 41 1
125 41 1
137 41 1
4 42 2
9 42 4
11 42 1
13 42 1
15 42 3
16 42 1
17 42 2
18 42 1
21 42 2
23 42 1
26 42 4
27 42 1
28 42 1
31 42 2
34 42 1
38 42 1
40 42 1
42 42 2
43 42 1
62 42 5
63 42 2
66 42 2
73 42 1
83 42 1
106 42 1
112 42 2
113 42 2
3 43 1
10 43 1
13 43 1
15 43 1
16 43 12
21 43 1
36 43 5
37 43 3
38 43 2
42 43 7
43 43 3
51 43 1
55 43 3
58 43 1
62 43 1
85 43 1
87 43 1
92 43 1
97 43 1
107 43 1
110 43 4
113 43 1
115 43 1
116 43 1
124 43 2
138 43 1
6 44 1
9 44 11
13 44 1
15 44 4
16 44 2
23 44 2
26 44 1
27 44 2
41 44 1
42 44 2
44 44 2
45 44 3
52 44 1
59 44 2
60 44 1
63 44 3
67 44 4
69 44 1
110 44 1
113 44 3
121 44 2
124 44 1
3 45 1
6 45 1
7 45 1
8 45 2
9 45 5
13 45 1
18 45 2
25 45 1
26 45 1
31 45 2
34 45 1
36 45 2
41 45 1
44 45 1
45 45 7
59 45 2
62 45 1
88 45 2
94 45 2
95 45 1
97 45 1
98 45 1
100 45 4
101 45 9
103 45 3
105 45 3
109 45 3
113 45 2
114 45 2
115 45 3
119 45 1
120 45 1
121 45 2
125 45 2
133 45 1
137 45 2
79 46 1
105 46 1
108 46 9
111 46 1
117 46 1
137 46 1
6 47 1
23 47 1
34 47 1
50 47 1
57 47 3
67 47 2
73 47 1
82 47 1
87 47 1
89 47 3
113 47 1
121 47 1
137 47 2
13 48 4
29 48 1
56 48 1
67 48 1
86 48 1
93 48 1
108 48 3
115 48 1
118 48 1
121 48 1
1 49 1
6 49 1
45 49 1
49 49 3
72 49 2
103 49 3
111 49 2
121 49 1
36 50 1
39 50 1
72 50 1
86 50 1
87 50 1
103 50 1
111 50 2
6 51 1
8 51 1
10 51 1
14 51 1
15 51 2
36 51 1
39 51 1
45 51 4
50 51 1
51 51 1
55 51 1
65 51 1
73 51 1
84 51 1
91 51 1
95 51 2
125 51 1
2 52 5
5 52 1
6 52 2
8 52 1
9 52 4
10 52 1
27 52 3
28 52 1
46 52 1
48 52 1
49 52 5
52 52 2
53 52 1
62 52 1
70 52 1
80 52 2
81 52 2
103 52 1
109 52 1
112 52 1
113 52 1
115 52 1
117 52 1
118 52 1
121 52 3
123 52 2
3 53 1
9 53 1
44 53 1
45 53 1
53 53 1
110 53 1
118 53 4
135 53 1
137 53 3
1 54 2
2 54 1
3 54 3
4 54 3
6 54 1
11 54 1
23 54 1
27 54 1
32 54 1
33 54 1
34 54 1
39 54 2
42 54 5
45 54 2
47 54 1
51 54 2
54 54 2
62 54 1
75 54 1
90 54 1
104 54 1
113 54 1
115 54 1
116 54 2
4 55 2
10 55 3
12 55 2
15 55 1
18 55 1
20 55 1
21 55 2
23 55 1
26 55 3
28 55 1
35 55 1
49 55 1
51 55 1
52 55 1
55 55 2
62 55 1
71 55 2
83 55 1
85 55 2
91 55 5
98 55 1
102 55 1
104 55 1
113 55 1
116 55 2
118 55 1
5 56 3
8 56 2
10 56 2
18 56 1
27 56 1
43 56 4
56 56 1
67 56 1
89 56 1
121 56 1
130 56 1
4 57 3
7 57 1
10 57 1
43 57 3
47 57 4
51 57 2
52 57 1
57 57 1
92 57 1
94 57 3
102 57 2
106 57 4
124 57 1
4 58 2
6 58 2
8 58 5
10 58 9
12 58 2
16 58 6
21 58 1
23 58 1
24 58 1
27 58 12
28 58 3
31 58 1
35 58 2
36 58 1
40 58 2
42 58 2
45 58 2
49 58 1
55 58 3
58 58 4
59 58 1
61 58 2
62 58 1
66 58 1
67 58 2
69 58 2
73 58 1
77 58 1
78 58 2
83 58 6
85 58 11
88 58 1
97 58 1
101 58 1
104 58 4
107 58 1
112 58 1
125 58 1
131 58 1
3 59 1
6 59 1
8 59 1
9 59 8
14 59 4
15 59 2
20 59 12
21 59 1
22 59 3
23 59 4
24 59 2
26 59 7
27 59 1
29 59 1
30 59 21
36 59 2
39 59 3
41 59 6
43 59 3
44 59 1
51 59 4
52 59 2
53 59 1
55 59 1
59 59 10
62 59 2
63 59 2
64 59 2
69 59 8
70 59 7
71 59 4
73 59 6
91 59 1
92 59 2
94 59 1
95 59 1
96 59 2
97 59 2
103 59 1
104 59 6
106 59 2
110 59 3
112 59 6
113 59 1
125 59 3
137 59 2
13 60 1
14 60 1
23 60 1
27 60 1
28 60 1
36 60 1
54 60 1
60 60 2
62 60 2
64 60 2
69 60 1
70 60 1
90 60 1
113 60 1
125 60 3
3 61 2
10 61 1
16 61 1
18 61 1
20 61 1
23 61 1
26 61 4
27 61 1
28 61 18
30 61 1
34 61 1
42 61 4
54 61 2
61 61 2
66 61 3
67 61 1
70 61 1
84 61 1
89 61 1
94 61 1
110 61 1
112 61 2
113 61 1
116 61 1
1 62 2
2 62 6
9 62 1
10 62 1
12 62 3
13 62 4
15 62 5
16 62 3
17 62 7
18 62 1
19 62 1
20 62 1
22 62 3
23 62 1
25 62 1
26 62 5
27 62 4
28 62 1
29 62 1
30 62 12
32 62 1
34 62 2
41 62 1
42 62 2
55 62 1
58 62 2
59 62 2
62 62 3
67 62 5
74 62 1
92 62 1
104 62 1
113 62 5
116 62 1
2 63 6
3 63 1
4 63 1
11 63 1
12 63 2
13 63 1
15 63 2
16 63 2
20 63 1
23 63 1
26 63 4
27 63 2
34 63 1
41 63 1
42 63 4
45 63 6
52 63 2
54 63 1
59 63 2
61 63 1
64 63 1
67 63 1
75 63 2
85 63 1
93 63 1
106 63 2
112 63 2
113 63 1
121 63 1
1 64 1
2 64 3
4 64 1
9 64 2
10 64 2
11 64 2
12 64 1
13 64 6
15 64 1
17 64 1
21 64 1
23 64 2
24 64 2
25 64 2
26 64 5
27 64 1
28 64 1
30 64 1
31 64 1
32 64 1
34 64 2
35 64 30
42 64 2
52 64 1
57 64 1
58 64 1
59 64 14
63 64 5
64 64 3
67 64 2
69 64 1
83 64 1
112 64 5
137 64 1
10 65 1
11 65 3
13 65 2
17 65 2
23 65 1
25 65 3
26 65 4
32 65 1
37 65 1
44 65 1
59 65 3
65 65 4
68 65 2
69 65 2
70 65 2
71 65 4
83 65 1
85 65 2
92 65 1
101 65 1
112 65 1
116 65 2
122 65 2
11 66 1
15 66 6
17 66 1
18 66 8
23 66 1
24 66 1
26 66 9
27 66 1
28 66 3
29 66 3
44 66 1
52 66 1
58 66 2
60 66 2
65 66 2
69 66 2
71 66 2
85 66 3
92 66 1
98 66 2
112 66 1
10 67 1
21 67 1
28 67 2
33 67 1
41 67 2
42 67 1
44 67 1
67 67 3
69 67 2
85 67 1
90 67 2
93 67 1
112 67 1
113 67 1
115 67 1
119 67 1
59 68 2
64 68 1
68 68 1
10 69 1
17 69 1
20 69 1
23 69 4
25 69 3
41 69 5
59 69 2
60 69 1
63 69 1
65 69 2
66 69 1
69 69 14
70 69 2
71 69 10
112 69 1
113 69 2
116 69 1
122 69 12
3 70 2
7 70 2
11 70 1
20 70 1
24 70 2
25 70 2
26 70 1
28 70 1
33 70 2
41 70 5
44 70 1
59 70 2
61 70 2
69 70 3
70 70 12
71 70 6
90 70 1
113 70 2
122 70 8
10 71 1
11 71 2
14 71 1
20 71 3
24 71 1
25 71 2
27 71 1
32 71 2
34 71 1
39 71 1
59 71 4
62 71 1
64 71 1
65 71 5
68 71 1
70 71 3
71 71 13
116 71 2
122 71 18
1 72 19
5 72 1
13 72 1
72 72 1
95 72 1
108 72 2
115 72 1
121 72 1
123 72 3
6 73 1
8 73 2
9 73 3
18 73 2
37 73 1
45 73 3
51 73 1
54 73 1
63 73 1
85 73 1
110 73 2
119 73 2
137 73 1
9 74 1
27 74 1
58 74 1
67 74 1
113 74 1
9 75 28
15 75 1
27 75 2
40 75 2
44 75 1
54 75 1
57 75 1
67 75 2
75 75 2
89 75 1
103 75 1
110 75 2
121 75 2
2 76 1
6 76 1
10 76 1
28 76 1
44 76 1
45 76 1
47 76 1
51 76 1
54 76 1
56 76 1
57 76 1
67 76 2
78 76 2
79 76 2
88 76 2
92 76 2
94 76 6
100 76 1
103 76 1
104 76 13
107 76 1
117 76 1
124 76 1
6 77 2
59 77 1
72 77 1
94 77 1
100 77 1
101 77 3
103 77 1
1 78 7
9 78 1
43 78 1
78 78 2
84 78 1
86 78 8
132 78 1
7 79 1
9 79 1
13 79 7
45 79 3
67 79 1
72 79 1
79 79 3
99 79 1
113 79 3
117 79 2
119 79 1
121 79 1
125 79 4
137 79 1
39 80 1
45 80 2
1 81 1
5 81 2
15 81 4
27 81 1
46 81 1
49 81 3
59 81 1
67 81 8
111 81 3
121 81 1
10 82 1
20 82 1
36 82 3
41 82 1
45 82 2
56 82 1
58 82 1
59 82 2
63 82 3
12 83 1
17 83 2
27 83 1
55 83 1
83 83 2
112 83 3
113 83 1
124 83 1
3 84 1
4 84 2
13 84 2
15 84 1
21 84 3
23 84 1
25 84 2
26 84 1
34 84 1
61 84 1
69 84 2
84 84 2
1 85 1
2 85 1
4 85 1
9 85 3
10 85 1
12 85 1
15 85 1
21 85 1
26 85 1
29 85 1
31 85 2
38 85 1
40 85 1
66 85 1
84 85 1
85 85 5
89 85 1
97 85 1
1 86 2
6 86 1
78 86 1
89 86 1
1 87 1
48 87 1
50 87 1
72 87 2
87 87 1
88 87 1
108 87 1
9 88 1
10 88 1
45 88 1
72 88 1
87 88 1
88 88 4
93 88 1
100 88 9
103 88 1
105 88 4
111 88 1
117 88 1
1 89 3
5 89 1
13 89 1
22 89 1
54 89 1
56 89 1
86 89 2
105 89 3
108 89 1
123 89 1
2 90 1
14 90 2
38 90 1
40 90 1
41 90 2
43 90 1
53 90 1
59 90 3
60 90 1
62 90 2
69 90 3
78 90 3
90 90 8
106 90 1
107 90 1
4 91 1
9 91 1
10 91 5
14 91 1
15 91 1
20 91 1
26 91 1
27 91 1
40 91 2
55 91 2
58 91 4
69 91 2
73 91 2
85 91 4
90 91 2
91 91 2
113 91 1
114 91 1
4 92 1
10 92 3
12 92 1
15 92 1
28 92 1
37 92 1
42 92 1
44 92 1
62 92 2
71 92 1
84 92 1
85 92 2
92 92 1
98 92 1
99 92 1
103 92 1
116 92 1
122 92 1
2 93 5
13 93 2
15 93 2
27 93 1
45 93 1
47 93 1
48 93 1
49 93 1
57 93 1
58 93 1
59 93 3
63 93 2
64 93 1
65 93 1
67 93 4
85 93 1
90 93 1
93 93 1
103 93 3
110 93 1
113 93 1
118 93 1
3 94 1
6 94 1
13 94 2
27 94 1
35 94 1
43 94 3
48 94 1
54 94 1
57 94 2
63 94 1
65 94 1
79 94 2
103 94 1
104 94 10
107 94 1
7 95 1
9 95 2
11 95 4
56 95 2
57 95 1
95 95 3
98 95 1
101 95 1
108 95 1
109 95 2
110 95 1
133 95 2
16 96 1
21 96 1
45 96 2
57 96 1
58 96 1
59 96 1
63 96 9
75 96 1
92 96 2
93 96 1
96 96 3
101 96 1
112 96 2
113 96 1
125 96 1
138 96 2
4 97 1
8 97 6
9 97 10
10 97 3
12 97 1
14 97 1
15 97 1
16 97 1
18 97 1
21 97 5
22 97 1
32 97 1
36 97 4
38 97 1
39 97 1
42 97 3
43 97 1
49 97 1
51 97 1
54 97 3
55 97 1
57 97 1
58 97 3
59 97 7
62 97 2
70 97 1
76 97 1
84 97 1
88 97 1
90 97 2
107 97 1
110 97 2
120 97 1
124 97 1
137 97 1
21 98 1
25 98 1
36 98 1
45 98 1
51 98 1
58 98 1
98 98 4
116 98 1
15 99 1
43 99 1
45 99 2
48 99 1
49 99 2
69 99 1
72 99 2
99 99 2
7 100 1
13 100 1
32 100 1
45 100 1
46 100 1
52 100 2
97 100 2
98 100 3
100 100 1
119 100 4
125 100 1
137 100 1
3 101 1
6 101 1
9 101 1
13 101 1
20 101 1
26 101 1
36 101 1
39 101 2
42 101 3
45 101 1
48 101 1
52 101 1
53 101 9
63 101 4
78 101 1
96 101 5
100 101 1
101 101 2
103 101 4
109 101 1
113 101 4
114 101 1
119 101 1
137 101 1
138 101 1
13 102 1
20 102 1
45 102 3
52 102 1
53 102 2
63 102 1
84 102 1
88 102 1
96 102 1
99 102 1
101 102 1
102 102 1
6 103 1
15 103 1
16 103 1
17 103 1
45 103 2
52 103 2
53 103 1
57 103 1
75 103 1
76 103 1
77 103 1
78 103 1
84 103 1
89 103 1
93 103 1
94 103 18
100 103 14
101 103 1
103 103 4
113 103 1
47 104 1
59 104 2
104 104 2
110 104 1
124 104 1
137 104 1
1 105 1
5 105 2
50 105 2
62 105 1
76 105 1
86 105 1
106 105 3
111 105 2
121 105 1
4 106 1
6 106 1
10 106 2
12 106 2
15 106 3
16 106 4
18 106 1
21 106 1
24 106 2
27 106 2
34 106 1
36 106 5
40 106 4
45 106 2
51 106 2
54 106 1
56 106 1
57 106 1
58 106 1
84 106 1
103 106 2
104 106 1
106 106 5
107 106 1
110 106 3
112 106 2
118 106 1
135 106 2
18 107 1
36 107 1
40 107 1
43 107 1
51 107 4
54 107 1
72 107 1
73 107 1
88 107 1
104 107 1
107 107 1
114 107 17
125 107 1
1 108 3
19 108 1
27 108 5
55 108 2
56 108 1
72 108 1
78 108 2
105 108 1
108 108 1
111 108 1
120 108 1
124 108 1
2 109 6
5 109 1
7 109 4
9 109 1
13 109 1
16 109 2
18 109 3
21 109 2
28 109 1
33 109 1
35 109 2
38 109 1
39 109 1
45 109 7
55 109 1
58 109 1
59 109 2
78 109 1
88 109 1
94 109 1
95 109 2
98 109 4
106 109 1
115 109 2
124 109 2
125 109 6
137 109 10
138 109 1
1 110 2
2 110 1
3 110 9
5 110 1
6 110 1
7 110 5
9 110 1
10 110 2
11 110 1
13 110 2
14 110 2
15 110 2
16 110 4
17 110 1
20 110 1
21 110 16
27 110 2
30 110 1
35 110 1
36 110 18
37 110 1
39 110 2
40 110 3
43 110 2
45 110 8
46 110 1
47 110 2
52 110 1
54 110 2
55 110 9
57 110 1
58 110 1
59 110 3
65 110 1
69 110 2
73 110 7
76 110 2
85 110 1
87 110 1
89 110 1
91 110 2
106 110 1
110 110 1
112 110 2
115 110 4
119 110 8
120 110 1
125 110 4
137 110 6
138 110 3
1 111 2
20 111 1
51 111 1
56 111 1
73 111 1
85 111 1
88 111 1
107 111 1
109 111 1
111 111 1
2 112 5
3 112 2
4 112 5
10 112 1
12 112 4
13 112 1
14 112 2
15 112 6
16 112 2
17 112 2
21 112 1
23 112 4
25 112 1
26 112 13
27 112 8
28 112 8
29 112 1
30 112 1
34 112 3
38 112 1
39 112 1
40 112 1
41 112 2
42 112 3
44 112 1
45 112 1
54 112 1
58 112 1
63 112 4
64 112 1
65 112 1
67 112 5
69 112 1
84 112 1
85 112 9
110 112 2
112 112 5
113 112 1
116 112 2
124 112 1
137 112 22
3 113 5
4 113 3
7 113 2
12 113 10
14 113 1
15 113 9
16 113 13
17 113 1
18 113 11
19 113 1
20 113 1
21 113 1
26 113 3
27 113 3
28 113 2
34 113 6
36 113 2
42 113 21
45 113 3
54 113 1
55 113 2
58 113 4
59 113 1
62 113 2
67 113 18
69 113 1
70 113 1
85 113 3
106 113 2
107 113 4
112 113 5
113 113 4
116 113 11
137 113 2
3 114 5
4 114 1
10 114 2
13 114 1
14 114 4
18 114 1
21 114 1
27 114 1
34 114 1
36 114 5
37 114 1
39 114 1
41 114 1
42 114 2
45 114 1
54 114 1
58 114 1
59 114 1
66 114 1
73 114 1
85 114 1
90 114 1
93 114 1
97 114 2
104 114 1
114 114 1
127 114 2
128 114 3
130 114 2
18 115 4
36 115 1
39 115 1
45 115 1
50 115 1
78 115 1
109 115 1
110 115 1
115 115 2
128 115 1
3 116 1
18 116 1
25 116 1
28 116 1
30 116 1
32 116 2
33 116 1
37 116 1
43 116 1
54 116 1
59 116 2
65 116 1
71 116 1
83 116 1
116 116 1
62 117 3
67 117 2
76 117 1
113 117 1
3 118 1
4 118 1
8 118 1
9 118 2
10 118 1
12 118 1
14 118 1
15 118 2
16 118 7
18 118 1
27 118 1
31 118 1
36 118 1
42 118 3
44 118 1
45 118 1
47 118 1
52 118 4
53 118 7
58 118 1
63 118 4
67 118 1
75 118 3
76 118 2
77 118 1
78 118 1
84 118 3
93 118 4
100 118 1
103 118 1
113 118 3
118 118 1
137 118 1
1 119 1
3 119 1
38 119 1
93 119 1
98 119 1
118 119 1
119 119 2
121 119 4
131 119 1
5 120 1
7 120 1
16 120 1
18 120 1
36 120 1
45 120 1
54 120 21
78 120 2
87 120 1
90 120 1
97 120 1
107 120 1
108 120 2
111 120 2
2 121 1
9 121 1
13 121 5
20 121 1
23 121 1
27 121 1
48 121 1
49 121 2
63 121 1
77 121 1
79 121 3
83 121 1
100 121 4
103 121 3
104 121 1
105 121 2
111 121 2
121 121 2
137 121 1
2 122 1
11 122 1
12 122 2
17 122 1
18 122 1
20 122 3
22 122 1
24 122 2
25 122 3
27 122 1
28 122 3
30 122 1
35 122 4
58 122 1
61 122 1
65 122 4
69 122 5
70 122 6
71 122 9
113 122 1
115 122 1
122 122 9
125 122 1
1 123 2
6 123 1
25 123 1
49 123 1
50 123 1
72 123 1
88 123 1
89 123 1
100 123 1
108 123 1
123 123 1
3 124 3
4 124 4
8 124 4
10 124 5
15 124 1
16 124 1
18 124 1
21 124 2
23 124 1
28 124 5
37 124 1
40 124 1
43 124 1
54 124 1
55 124 1
58 124 2
61 124 1
67 124 1
69 124 1
72 124 1
84 124 1
85 124 2
103 124 2
106 124 3
108 124 1
113 124 3
118 124 1
124 124 3
125 124 1
127 124 1
3 125 2
6 125 1
7 125 1
9 125 10
10 125 1
14 125 3
15 125 2
21 125 2
22 125 4
32 125 1
36 125 2
37 125 3
39 125 3
43 125 1
55 125 1
59 125 3
62 125 1
88 125 1
90 125 3
93 125 1
97 125 1
98 125 1
110 125 1
111 125 2
112 125 1
125 125 1
138 125 1
3 126 3
67 126 2
124 126 2
126 127 1
114 128 1
115 128 1
128 128 2
137 128 1
10 129 1
43 129 1
43 130 1
2 131 1
134 131 1
21 132 4
78 133 1
114 133 2
136 133 1
21 134 1
113 134 1
9 135 1
11 136 1
98 137 1
128 137 4
134 137 1
1 138 1
51 138 1
78 138 1
89 139 1
130 139 1
136 139 1
139 139 1
2 140 1
9 140 1
11 140 1
17 140 1
20 140 2
21 140 2
27 140 2
36 140 2
38 140 1
39 140 2
40 140 1
42 140 4
43 140 2
45 140 4
51 140 1
54 140 5
55 140 1
87 140 1
90 140 2
97 140 1
98 140 1
101 140 1
102 140 1
104 140 2
109 140 4
114 140 4
125 140 2
137 140 1
5 141 1
6 141 1
9 141 1
36 141 1
45 141 1
54 141 1
98 141 1
110 141 6
125 141 1
138 141 2
114 142 1
106 143 1
