5 1 1
47 1 1
51 1 1
68 1 1
2 2 1
18 2 1
25 2 2
27 2 1
45 2 1
93 2 1
4 3 1
8 3 1
17 3 1
18 3 1
43 3 1
57 3 1
74 3 1
91 3 1
95 3 1
104 3 1
3 4 1
4 4 2
12 4 1
16 4 1
28 4 1
42 4 1
45 4 1
51 4 1
97 4 2
1 5 1
18 5 1
19 5 1
89 5 1
38 6 1
46 6 1
54 6 1
65 6 1
104 6 1
80 7 1
90 7 1
9 8 2
44 8 2
52 8 1
55 8 2
80 8 5
91 8 1
103 8 1
7 9 1
13 9 1
18 9 1
34 9 1
35 9 1
37 9 3
44 9 1
45 9 9
53 9 1
104 9 2
10 10 2
17 10 1
22 10 1
26 10 2
27 10 13
42 10 4
55 10 2
61 10 1
72 10 2
11 11 2
25 11 15
91 11 1
101 11 1
12 12 2
71 12 1
26 13 1
27 13 1
34 13 1
14 14 2
28 14 1
38 14 1
73 14 1
12 15 1
15 15 3
18 15 1
21 15 1
26 15 1
43 15 2
18 16 1
94 16 1
2 17 1
42 17 2
43 17 1
45 17 2
4 18 1
15 18 1
27 18 15
28 18 1
31 18 2
49 18 1
53 18 3
95 18 1
2 19 1
14 19 2
16 19 2
24 19 1
28 19 3
34 19 1
55 19 2
63 19 2
65 19 1
77 19 1
93 19 7
96 19 2
97 19 1
104 19 2
10 20 1
14 20 2
21 20 2
23 20 2
27 20 1
30 20 1
36 20 2
38 20 2
40 20 1
52 20 1
53 20 4
72 20 1
103 20 1
31 21 1
34 21 1
59 21 1
63 21 1
93 21 3
6 22 1
9 22 1
10 22 1
11 22 1
14 22 1
15 22 2
23 22 1
26 22 4
33 22 3
34 22 2
36 22 1
60 22 5
73 22 2
83 22 1
93 22 2
11 23 6
15 23 2
19 23 1
23 23 1
24 23 3
26 23 1
42 23 1
59 23 1
61 23 1
81 23 1
83 23 1
93 23 1
24 24 1
25 24 2
64 24 2
93 24 1
2 25 1
3 25 1
15 25 1
26 25 1
27 25 2
28 25 1
34 25 1
37 25 1
42 25 1
52 25 1
72 25 2
81 25 1
82 25 1
93 25 4
97 25 1
16 26 2
26 26 1
27 26 1
38 26 1
57 26 1
78 26 1
15 27 1
28 27 1
40 27 2
44 27 1
80 27 1
85 27 10
93 27 1
14 28 1
15 28 1
23 28 1
24 28 2
26 28 1
28 28 1
29 28 3
30 28 1
34 28 4
42 28 1
93 28 3
2 29 1
11 29 1
12 29 1
16 29 1
27 29 2
29 29 2
30 29 1
42 29 1
91 29 1
93 29 1
110 29 1
4 30 2
10 30 2
27 30 2
31 30 1
73 30 3
24 31 2
35 31 2
42 31 1
55 31 1
73 31 1
93 31 1
21 32 1
24 32 1
27 32 1
29 32 1
59 32 1
99 32 1
2 33 2
15 33 1
16 33 1
23 33 1
24 33 1
28 33 1
38 33 2
71 33 13
95 33 1
32 34 1
53 34 1
10 35 1
12 35 1
21 35 2
26 35 1
28 35 1
36 35 1
43 35 3
45 35 1
52 35 1
73 35 2
11 36 3
31 36 1
77 36 1
4 37 1
12 37 1
35 37 1
45 37 2
58 37 1
82 37 3
89 37 2
4 38 1
21 38 1
37 38 2
38 38 1
39 38 4
52 38 1
91 38 3
96 38 1
108 38 2
21 39 1
36 39 2
40 39 1
94 39 1
106 39 1
24 40 3
27 40 2
28 40 1
34 40 3
42 40 1
57 40 1
58 40 1
59 40 3
93 40 3
94 40 3
103 40 1
15 41 1
26 41 2
27 41 5
42 41 2
43 41 8
57 41 3
15 42 1
27 42 2
36 42 2
43 42 1
57 42 1
95 42 1
9 43 1
28 43 1
75 43 1
85 43 1
58 44 1
94 44 1
63 45 1
73 45 1
76 45 1
48 46 1
4 47 2
43 47 1
53 47 1
73 47 1
104 47 2
21 48 4
34 48 1
48 48 1
55 48 1
22 49 1
28 49 1
55 49 1
108 49 1
4 50 1
10 50 9
28 50 5
55 50 1
56 50 2
1 51 1
27 51 1
3 52 1
4 52 1
8 52 2
10 52 2
40 52 1
88 52 1
7 53 1
9 53 1
10 53 2
21 53 3
23 53 1
34 53 1
42 53 2
53 53 1
73 53 2
93 53 1
95 53 1
3 54 1
26 54 2
27 54 1
37 54 1
39 54 1
65 54 1
70 54 1
78 54 1
86 54 3
93 54 1
27 55 1
30 55 1
38 55 2
44 55 1
45 55 1
94 55 1
2 56 1
15 56 2
16 56 2
42 56 5
58 56 1
93 56 2
3 57 2
4 57 1
12 57 1
15 57 6
16 57 1
26 57 3
27 57 6
30 57 4
57 57 1
61 57 7
68 57 1
86 57 1
94 57 3
95 57 3
2 58 1
10 58 1
11 58 1
12 58 1
21 58 2
27 58 2
34 58 1
85 58 1
93 58 1
100 58 1
2 59 1
11 59 1
15 59 4
24 59 3
26 59 1
35 59 3
61 59 4
93 59 1
11 60 6
15 60 2
20 60 1
23 60 2
27 60 1
32 60 1
35 60 1
61 60 4
62 60 1
73 60 1
83 60 2
94 60 1
17 61 1
52 61 3
73 61 1
93 61 1
25 62 3
59 62 1
14 63 1
91 63 1
104 63 1
51 64 1
18 65 1
49 65 1
72 65 1
85 65 1
94 65 1
45 66 1
67 66 2
1 67 2
28 68 2
58 68 1
69 68 1
96 69 1
10 70 1
37 70 1
65 70 1
92 70 1
21 71 1
38 72 1
47 72 1
1 73 1
4 73 1
20 73 1
39 73 1
65 74 2
27 75 2
91 75 1
21 76 1
51 76 1
7 77 1
10 77 1
11 77 2
21 77 2
27 77 1
57 77 1
72 77 1
73 77 4
78 77 1
9 78 1
12 78 2
26 78 1
94 78 1
28 79 1
90 79 2
4 80 1
108 81 2
10 82 1
13 82 5
55 82 1
93 82 1
96 82 2
108 82 2
4 83 4
25 83 1
4 84 1
26 84 1
92 84 2
49 85 1
102 85 1
12 86 1
33 86 1
85 86 1
84 87 2
94 87 1
66 88 1
80 89 1
5 90 1
3 91 1
10 91 11
15 91 1
27 91 1
51 91 1
91 91 1
97 91 2
1 92 1
18 93 1
45 93 2
92 93 1
108 93 3
109 93 1
4 94 2
27 94 1
35 94 1
45 94 1
46 94 1
52 94 1
65 94 1
88 94 1
104 94 1
108 94 3
1 95 1
75 95 1
2 96 1
15 96 2
23 96 1
26 96 1
27 96 4
35 96 1
40 96 1
41 96 2
61 96 4
83 96 1
94 96 1
103 96 1
3 97 3
12 97 1
16 97 1
26 97 6
41 97 3
42 97 1
61 97 2
94 97 3
103 97 2
4 98 2
35 98 1
45 98 2
105 98 1
1 99 1
13 99 1
38 99 1
42 99 1
87 99 1
42 100 1
66 100 2
79 100 1
96 100 1
98 100 1
108 100 1
1 101 1
9 101 1
10 102 1
16 102 2
61 102 1
58 103 1
88 103 1
99 103 1
100 103 1
74 104 1
10 105 1
18 105 1
26 105 2
43 105 1
108 105 1
20 106 1
48 106 1
81 106 2
3 107 1
75 107 1
10 108 1
73 109 1
102 110 1
96 111 1
107 111 1
45 112 1
50 112 1
52 112 1
55 112 1
86 112 1
90 112 3
95 112 1
108 112 1
21 113 1
