1 1 8
5 1 1
36 1 1
43 1 1
47 1 1
48 1 1
58 1 1
72 1 3
78 1 3
86 1 3
87 1 5
88 1 4
89 1 1
110 1 1
111 1 7
112 1 1
115 1 1
119 1 2
120 1 2
136 1 1
1 2 1
2 2 4
4 2 3
13 2 1
18 2 1
26 2 2
30 2 4
34 2 2
67 2 1
93 2 1
94 2 1
106 2 1
107 2 1
108 2 1
112 2 2
124 2 1
3 3 2
4 3 2
9 3 2
15 3 1
18 3 2
20 3 1
21 3 1
27 3 1
32 3 2
36 3 3
52 3 1
62 3 3
63 3 1
69 3 1
73 3 2
91 3 2
103 3 1
109 3 2
112 3 3
113 3 4
4 4 1
10 4 1
13 4 1
14 4 2
17 4 3
18 4 3
19 4 3
26 4 3
27 4 16
28 4 2
34 4 1
39 4 2
40 4 1
54 4 1
64 4 1
66 4 1
85 4 2
93 4 1
112 4 4
124 4 2
5 5 1
10 5 1
77 5 1
87 5 1
3 6 1
6 6 2
7 6 1
18 6 3
24 6 1
34 6 1
35 6 3
38 6 1
45 6 1
56 6 1
62 6 3
78 6 1
95 6 1
98 6 1
105 6 1
6 7 1
9 7 3
14 7 1
38 7 2
59 7 2
89 7 1
103 7 1
108 7 1
139 7 1
7 8 1
8 8 1
9 8 2
14 8 1
15 8 1
24 8 1
45 8 2
56 8 1
58 8 1
59 8 1
100 8 1
125 8 3
7 9 1
8 9 1
9 9 3
12 9 1
13 9 1
14 9 1
15 9 1
29 9 1
37 9 1
38 9 2
45 9 3
52 9 1
59 9 3
64 9 1
70 9 1
73 9 1
87 9 1
90 9 1
97 9 1
108 9 1
115 9 2
124 9 4
125 9 1
138 9 5
2 10 1
4 10 2
8 10 1
10 10 4
11 10 2
14 10 1
15 10 2
16 10 2
17 10 1
18 10 8
19 10 1
20 10 19
21 10 1
25 10 1
27 10 6
28 10 3
29 10 1
40 10 1
54 10 1
57 10 3
62 10 1
63 10 2
87 10 1
91 10 1
112 10 1
113 10 1
115 10 3
116 10 1
124 10 1
4 11 1
11 11 13
15 11 1
17 11 1
20 11 3
21 11 1
23 11 1
25 11 5
27 11 2
29 11 2
30 11 2
38 11 5
41 11 1
42 11 4
58 11 1
64 11 2
65 11 4
67 11 1
68 11 1
69 11 2
71 11 3
85 11 2
107 11 2
112 11 1
125 11 4
4 12 1
12 12 3
13 12 1
17 12 1
24 12 1
27 12 3
28 12 2
34 12 4
46 12 1
58 12 1
61 12 1
62 12 1
84 12 1
85 12 1
87 12 1
88 12 1
92 12 1
112 12 1
113 12 65
118 12 1
126 12 1
11 13 1
14 13 1
20 13 2
27 13 1
29 13 1
34 13 1
36 13 2
38 13 2
42 13 1
45 13 1
76 13 2
84 13 1
90 13 1
98 13 1
113 13 3
1 14 1
9 14 3
13 14 1
14 14 8
18 14 3
21 14 2
23 14 1
27 14 1
28 14 1
37 14 1
43 14 1
60 14 5
61 14 1
68 14 1
85 14 1
89 14 1
110 14 1
113 14 1
124 14 1
4 15 1
6 15 1
12 15 1
15 15 7
19 15 1
23 15 2
24 15 1
26 15 1
28 15 1
30 15 1
31 15 1
36 15 2
37 15 1
45 15 3
58 15 4
60 15 1
62 15 1
63 15 3
64 15 5
70 15 1
81 15 1
85 15 2
93 15 1
97 15 1
99 15 1
100 15 1
112 15 2
118 15 1
142 15 2
4 16 1
10 16 1
12 16 1
16 16 1
17 16 2
18 16 2
20 16 2
22 16 1
23 16 5
24 16 1
26 16 1
27 16 8
28 16 4
30 16 4
33 16 1
34 16 3
40 16 1
42 16 1
43 16 2
57 16 1
61 16 1
62 16 2
63 16 2
65 16 1
67 16 2
75 16 1
77 16 1
83 16 1
84 16 2
98 16 1
100 16 1
112 16 2
113 16 11
120 16 3
122 16 1
6 17 1
15 17 1
17 17 1
26 17 2
27 17 1
31 17 1
39 17 1
42 17 1
58 17 1
61 17 1
87 17 2
89 17 1
112 17 1
113 17 2
4 18 1
6 18 1
10 18 3
14 18 1
18 18 6
21 18 1
25 18 5
26 18 1
27 18 1
28 18 1
47 18 1
54 18 1
57 18 1
59 18 1
66 18 1
90 18 1
92 18 2
98 18 1
103 18 2
110 18 1
113 18 21
4 19 1
10 19 1
18 19 1
19 19 2
35 19 1
42 19 1
55 19 1
63 19 1
125 19 2
141 19 1
8 20 3
14 20 1
20 20 19
22 20 1
24 20 2
25 20 1
30 20 3
31 20 4
38 20 1
39 20 2
40 20 1
42 20 1
54 20 4
55 20 1
58 20 3
59 20 17
60 20 1
64 20 2
65 20 2
69 20 5
70 20 1
71 20 11
78 20 1
91 20 1
102 20 1
113 20 1
122 20 16
125 20 2
2 21 2
4 21 1
10 21 1
12 21 1
16 21 2
18 21 8
19 21 2
21 21 3
23 21 1
27 21 1
28 21 1
36 21 1
40 21 1
45 21 1
59 21 1
74 21 1
76 21 1
83 21 3
97 21 1
106 21 2
109 21 1
110 21 1
114 21 1
116 21 2
120 21 1
124 21 3
125 21 1
127 21 1
128 21 1
4 22 1
22 22 2
32 22 1
34 22 1
49 22 1
52 22 1
59 22 2
68 22 2
69 22 2
71 22 6
113 22 2
116 22 1
118 22 3
124 22 1
2 23 1
12 23 1
15 23 1
23 23 3
24 23 2
27 23 1
28 23 4
29 23 1
32 23 4
33 23 1
34 23 4
41 23 6
48 23 1
61 23 1
97 23 1
113 23 3
4 24 2
11 24 2
13 24 4
15 24 1
23 24 1
24 24 3
27 24 1
30 24 1
41 24 2
42 24 1
59 24 1
61 24 1
65 24 1
68 24 3
69 24 5
71 24 6
103 24 1
107 24 1
112 24 1
113 24 2
116 24 1
121 24 1
122 24 4
2 25 1
11 25 3
13 25 1
15 25 4
16 25 3
17 25 2
18 25 2
20 25 2
25 25 26
26 25 2
27 25 3
32 25 2
35 25 1
36 25 2
38 25 3
39 25 1
40 25 2
41 25 2
59 25 2
61 25 1
64 25 2
67 25 3
69 25 4
70 25 4
71 25 4
112 25 1
122 25 6
2 26 1
10 26 1
11 26 1
12 26 3
17 26 1
20 26 2
23 26 1
24 26 1
26 26 3
28 26 2
29 26 5
34 26 6
42 26 3
44 26 1
58 26 1
62 26 1
63 26 1
69 26 1
107 26 1
112 26 4
113 26 2
118 26 1
2 27 1
4 27 1
10 27 2
12 27 1
14 27 1
15 27 1
16 27 1
24 27 2
25 27 1
26 27 2
27 27 1
28 27 1
29 27 1
34 27 2
40 27 1
42 27 6
43 27 1
44 27 1
60 27 1
61 27 1
62 27 1
63 27 2
98 27 1
101 27 1
102 27 1
106 27 2
112 27 4
113 27 3
3 28 2
4 28 2
15 28 1
18 28 3
23 28 4
24 28 1
33 28 2
34 28 3
40 28 1
42 28 2
46 28 2
58 28 7
60 28 4
61 28 2
63 28 4
67 28 2
70 28 1
88 28 1
93 28 1
97 28 1
112 28 1
115 28 1
116 28 1
118 28 2
26 29 4
29 29 1
30 29 1
33 29 1
56 29 1
58 29 1
65 29 1
112 29 1
2 30 1
4 30 2
11 30 3
12 30 1
16 30 2
27 30 2
30 30 5
34 30 2
41 30 1
42 30 1
55 30 1
59 30 1
61 30 5
67 30 1
68 30 3
71 30 4
91 30 1
113 30 1
122 30 2
10 31 1
31 31 2
43 31 1
45 31 1
52 31 1
77 31 1
84 31 1
97 31 1
98 31 1
103 31 2
3 32 1
20 32 2
23 32 4
31 32 1
32 32 1
60 32 3
97 32 2
2 33 1
16 33 3
28 33 1
42 33 1
64 33 1
138 33 1
27 34 1
34 34 2
41 34 1
63 34 2
100 34 1
112 34 1
113 34 1
1 35 1
9 35 1
10 35 4
11 35 1
16 35 2
19 35 1
20 35 1
27 35 2
29 35 1
34 35 5
35 35 2
55 35 1
62 35 4
65 35 5
69 35 1
76 35 1
98 35 1
112 35 2
116 35 1
128 35 1
3 36 2
6 36 1
9 36 1
10 36 6
13 36 1
15 36 2
17 36 1
18 36 1
19 36 1
36 36 6
38 36 5
39 36 6
41 36 1
56 36 1
68 36 1
84 36 1
98 36 2
104 36 1
109 36 1
110 36 1
120 36 2
121 36 1
124 36 2
138 36 1
7 37 1
21 37 1
37 37 1
6 38 1
19 38 1
26 38 2
28 38 3
36 38 1
38 38 2
40 38 1
53 38 1
73 38 1
110 38 4
111 38 1
124 38 1
134 38 1
8 39 2
25 39 1
32 39 1
39 39 2
46 39 1
51 39 1
60 39 1
87 39 1
88 39 1
90 39 1
97 39 1
110 39 1
138 39 1
3 40 1
4 40 1
16 40 1
25 40 1
40 40 10
51 40 1
56 40 3
73 40 1
91 40 1
109 40 1
124 40 2
129 40 1
3 41 2
10 41 1
16 41 1
23 41 2
24 41 1
25 41 3
27 41 1
34 41 3
39 41 2
41 41 2
44 41 1
54 41 4
59 41 4
62 41 2
66 41 1
67 41 1
69 41 1
112 41 2
125 41 2
3 42 3
10 42 2
12 42 1
16 42 1
23 42 2
24 42 2
25 42 1
26 42 2
27 42 1
32 42 1
34 42 1
36 42 1
39 42 1
42 42 1
46 42 1
61 42 5
62 42 2
63 42 3
64 42 1
85 42 1
87 42 1
112 42 3
113 42 4
3 43 1
6 43 2
31 43 1
36 43 1
50 43 1
57 43 1
58 43 4
97 43 1
100 43 1
103 43 1
105 43 1
106 43 7
45 44 1
53 44 1
89 44 1
91 44 1
94 44 1
96 44 1
103 44 1
110 44 1
121 44 2
6 45 2
7 45 2
8 45 1
9 45 9
15 45 1
23 45 1
25 45 1
27 45 5
28 45 2
34 45 1
36 45 2
38 45 44
39 45 2
43 45 3
45 45 3
47 45 1
48 45 1
49 45 2
53 45 1
56 45 1
57 45 1
58 45 2
63 45 1
73 45 2
89 45 2
93 45 1
95 45 2
101 45 1
110 45 6
113 45 4
114 45 2
115 45 1
121 45 1
125 45 1
126 45 1
6 46 1
46 46 2
49 46 1
73 46 1
76 46 1
78 46 1
94 46 1
9 47 1
13 47 1
48 47 1
50 47 2
57 47 1
61 47 2
74 47 1
76 47 1
105 47 1
108 47 2
110 47 1
1 48 1
48 48 1
77 48 1
78 48 2
80 48 1
87 48 3
99 48 1
103 48 1
105 48 1
108 48 2
119 48 1
121 48 1
46 49 1
49 49 1
71 49 8
87 49 1
121 49 2
6 50 1
88 50 2
89 50 1
108 50 1
5 51 1
9 51 2
18 51 1
36 51 12
41 51 1
42 51 1
97 51 1
108 51 1
120 51 1
125 51 8
138 51 1
5 52 3
102 52 2
106 52 2
113 52 1
121 52 2
97 53 1
101 53 6
105 53 2
118 53 6
3 54 1
4 54 2
18 54 2
21 54 1
26 54 1
27 54 3
33 54 1
34 54 1
42 54 1
54 54 1
55 54 1
73 54 1
100 54 1
112 54 3
113 54 3
120 54 2
2 55 1
24 55 1
28 55 4
45 55 1
55 55 2
114 55 1
132 55 1
3 56 1
4 56 1
18 56 1
22 56 1
63 56 1
86 56 1
87 56 2
100 56 1
111 56 2
131 56 1
2 57 1
4 57 1
45 57 1
97 57 1
120 57 1
18 58 1
21 58 2
24 58 1
27 58 1
36 58 1
38 58 2
42 58 1
45 58 1
58 58 3
67 58 1
75 58 1
91 58 1
112 58 1
113 58 1
3 59 1
8 59 4
9 59 1
14 59 1
15 59 2
16 59 1
20 59 7
22 59 5
23 59 5
24 59 1
25 59 2
26 59 2
28 59 2
30 59 2
32 59 3
38 59 1
39 59 1
41 59 1
45 59 1
54 59 3
55 59 6
58 59 2
59 59 11
60 59 2
65 59 1
68 59 1
69 59 5
70 59 1
71 59 7
73 59 1
77 59 3
84 59 4
85 59 2
90 59 3
91 59 1
92 59 1
109 59 1
112 59 3
118 59 2
119 59 1
121 59 1
122 59 1
125 59 2
138 59 1
2 60 1
23 60 1
47 60 2
60 60 2
62 60 2
69 60 3
70 60 2
91 60 1
105 60 1
138 60 1
20 61 2
26 61 1
28 61 3
61 61 2
15 62 1
23 62 1
26 62 2
35 62 1
61 62 1
63 62 1
74 62 1
15 63 2
16 63 1
29 63 1
34 63 1
45 63 1
47 63 1
52 63 1
61 63 1
62 63 2
63 63 9
64 63 2
67 63 1
69 63 1
76 63 2
81 63 1
94 63 1
103 63 2
118 63 1
122 63 2
13 64 1
20 64 6
22 64 2
23 64 1
26 64 2
32 64 1
59 64 6
63 64 1
64 64 2
65 64 1
83 64 1
112 64 2
113 64 2
122 64 1
138 64 2
6 65 1
32 65 1
58 65 2
59 65 3
63 65 2
65 65 5
68 65 3
69 65 7
70 65 2
71 65 3
112 65 1
124 65 1
23 66 1
26 66 1
32 66 1
42 66 1
92 66 2
113 66 1
2 67 1
4 67 2
23 67 1
29 67 1
31 67 1
35 67 2
55 67 1
58 67 1
63 67 2
81 67 3
83 67 1
84 67 1
112 67 2
113 67 4
116 67 1
2 68 1
12 68 1
13 68 3
16 68 1
20 68 4
22 68 2
24 68 1
41 68 1
65 68 2
68 68 9
70 68 10
71 68 11
122 68 4
2 69 1
11 69 1
20 69 11
22 69 4
23 69 5
24 69 1
25 69 8
26 69 1
29 69 2
32 69 3
33 69 1
34 69 2
41 69 3
42 69 2
59 69 6
63 69 2
65 69 5
68 69 9
69 69 16
70 69 2
71 69 35
73 69 2
90 69 1
108 69 1
113 69 3
120 69 1
122 69 29
4 70 1
11 70 2
14 70 2
16 70 4
20 70 3
24 70 4
25 70 2
28 70 5
32 70 8
39 70 1
41 70 3
45 70 5
53 70 2
59 70 3
60 70 2
68 70 1
69 70 2
70 70 8
71 70 7
90 70 2
91 70 1
122 70 14
127 70 1
132 70 1
135 70 1
2 71 2
11 71 9
16 71 1
20 71 6
22 71 3
24 71 2
25 71 19
30 71 1
39 71 2
49 71 7
59 71 2
65 71 4
68 71 1
69 71 8
70 71 9
71 71 24
85 71 1
112 71 2
116 71 3
122 71 59
125 71 2
18 72 1
49 72 1
72 72 1
87 72 2
89 72 1
103 72 1
5 73 1
23 73 1
27 73 1
37 73 1
39 73 2
54 73 1
88 73 1
98 73 1
101 73 1
103 73 1
107 73 1
116 73 1
27 74 1
102 74 2
17 75 2
27 75 1
52 75 1
75 75 1
118 75 1
16 76 1
45 77 1
100 77 1
1 78 1
46 78 1
48 78 1
59 78 1
78 78 3
87 78 1
134 78 1
49 79 1
52 79 1
79 79 1
94 80 1
37 81 1
87 81 1
112 81 1
4 82 1
33 82 1
34 82 4
69 82 2
83 82 4
99 82 1
106 82 1
112 82 1
12 83 1
13 83 1
16 83 1
21 83 1
26 83 3
34 83 2
37 83 1
108 83 1
2 84 1
3 84 1
4 84 1
10 84 4
11 84 1
13 84 1
15 84 5
17 84 1
24 84 2
26 84 2
28 84 1
32 84 2
34 84 1
35 84 1
38 84 1
58 84 1
66 84 1
85 84 1
101 84 1
112 84 1
50 85 1
105 85 1
111 85 1
117 85 3
120 85 1
1 86 1
5 86 1
35 86 1
50 86 1
72 86 1
116 86 1
88 87 5
133 87 1
37 88 1
38 88 1
50 88 1
89 88 3
107 88 1
111 88 1
123 88 1
3 89 1
25 89 1
59 89 1
68 89 1
69 89 3
70 89 1
111 89 3
115 89 1
125 89 7
3 90 1
14 90 1
30 90 1
36 90 2
40 90 1
58 90 1
60 90 1
68 90 1
85 90 2
92 90 2
98 90 3
122 90 4
3 91 1
4 91 3
10 91 4
34 91 1
38 91 8
67 91 1
84 91 1
92 91 1
10 92 1
28 92 1
55 92 1
61 92 1
63 92 1
81 92 1
82 92 1
93 92 3
27 93 1
28 93 1
76 93 7
94 93 1
100 93 1
103 93 1
113 93 1
121 93 2
6 94 1
14 94 3
101 94 3
125 94 2
20 95 1
39 95 1
44 95 2
45 95 1
76 95 1
78 95 1
90 95 2
93 95 1
96 95 1
6 96 1
10 96 1
14 96 1
20 96 1
21 96 1
36 96 2
43 96 1
45 96 1
51 96 2
56 96 1
58 96 1
59 96 1
73 96 1
112 96 3
113 96 1
138 96 1
15 97 3
17 97 1
21 97 2
36 97 9
37 97 1
39 97 1
49 97 1
54 97 1
64 97 1
98 97 2
118 97 1
27 98 1
69 98 1
103 98 1
6 99 1
8 99 3
16 99 1
30 99 1
49 99 1
54 99 1
76 99 3
77 99 2
99 99 1
103 99 1
119 99 1
34 100 1
44 100 1
45 100 4
63 100 1
75 100 2
76 100 1
85 100 1
96 100 3
103 100 1
44 101 4
45 101 2
69 101 1
76 101 1
91 101 2
8 102 1
15 102 1
19 102 1
27 102 1
31 102 1
49 102 1
122 102 2
1 103 2
14 103 1
52 103 1
54 103 1
88 103 1
104 103 1
125 103 3
10 104 1
18 104 1
72 104 1
88 104 5
105 104 3
1 105 1
4 105 1
6 105 1
9 105 1
10 105 1
16 105 1
21 105 2
24 105 1
25 105 1
28 105 1
30 105 1
38 105 2
39 105 5
40 105 1
43 105 1
47 105 1
64 105 1
73 105 1
76 105 1
83 105 2
92 105 1
106 105 2
110 105 9
114 105 1
124 105 2
142 105 1
4 106 1
9 106 1
14 106 1
20 106 2
39 106 1
40 106 1
43 106 1
48 106 1
49 106 3
84 106 1
87 106 1
89 106 16
105 106 2
107 106 1
120 106 1
63 107 1
78 107 1
84 107 1
100 107 1
108 107 1
111 107 1
1 108 1
19 108 2
38 108 2
107 108 1
109 108 1
124 108 1
125 108 2
138 108 1
139 108 1
1 109 1
7 109 1
8 109 2
10 109 1
16 109 1
25 109 2
28 109 1
39 109 2
56 109 1
58 109 1
62 109 1
73 109 1
76 109 1
90 109 1
98 109 1
106 109 4
107 109 1
110 109 1
113 109 1
120 109 1
124 109 2
125 109 2
132 109 1
1 110 5
78 110 1
2 111 1
10 111 1
15 111 1
16 111 1
27 111 3
40 111 1
41 111 1
42 111 1
61 111 2
64 111 6
66 111 1
67 111 1
85 111 1
97 111 1
112 111 3
113 111 1
11 112 1
12 112 1
13 112 1
15 112 1
16 112 2
29 112 1
36 112 3
42 112 1
44 112 1
45 112 1
61 112 1
67 112 3
71 112 1
85 112 1
112 112 2
113 112 3
116 112 1
118 112 1
120 112 2
5 113 1
6 113 1
9 113 1
16 113 1
19 113 2
20 113 1
34 113 1
58 113 1
73 113 1
90 113 4
111 113 1
124 113 1
138 113 2
4 114 1
6 114 1
9 114 1
75 114 1
78 114 1
107 114 1
1 115 1
2 115 2
4 115 1
10 115 3
24 115 1
25 115 1
26 115 1
33 115 1
34 115 2
38 115 1
45 115 1
65 115 1
66 115 1
69 115 3
71 115 1
73 115 1
76 115 1
88 115 2
98 115 3
113 115 5
116 115 7
15 116 1
10 117 1
15 117 1
57 117 1
63 117 1
103 117 1
121 117 1
113 118 1
121 118 1
21 119 1
42 119 1
78 119 1
120 119 3
130 119 1
46 120 1
50 120 1
61 120 1
63 120 1
73 120 4
78 120 1
80 120 1
93 120 2
94 120 1
105 120 1
2 121 1
10 121 4
11 121 3
12 121 2
13 121 5
16 121 14
20 121 2
21 121 4
22 121 3
24 121 2
25 121 17
26 121 1
30 121 4
41 121 5
59 121 5
60 121 1
64 121 5
68 121 1
69 121 13
70 121 4
71 121 7
76 121 1
92 121 1
103 121 1
106 121 1
112 121 1
116 121 9
122 121 40
8 122 2
10 122 1
12 122 2
16 122 1
17 122 1
18 122 1
28 122 3
55 122 2
84 122 2
97 122 1
124 122 1
138 122 1
9 123 2
24 123 2
25 123 1
41 123 2
45 123 4
55 123 2
59 123 2
95 123 4
104 123 2
119 123 2
125 123 5
126 124 1
131 125 1
127 126 1
126 127 2
115 128 1
134 128 1
6 129 1
45 130 1
131 130 1
132 130 1
132 131 1
136 132 1
89 133 1
15 134 1
137 134 1
4 135 1
8 135 1
9 135 1
13 135 1
14 135 1
18 135 1
20 135 1
28 135 1
34 135 1
36 135 1
37 135 1
45 135 1
48 135 1
58 135 1
89 135 1
109 135 1
110 135 3
124 135 1
138 135 1
34 136 2
45 136 1
57 136 1
89 136 1
96 136 2
109 136 1
110 136 4
112 136 2
124 136 1
139 136 1
10 137 1
35 137 4
124 137 1
141 137 1
142 137 2
134 138 1
141 138 2
142 138 1
122 139 1
140 139 1
143 139 2
