26 1 1
28 1 2
50 1 1
35 2 1
48 3 2
50 3 2
1 4 1
35 4 1
45 4 3
2 5 1
18 6 1
30 6 1
30 7 1
11 8 1
9 9 2
30 10 1
14 11 1
20 11 1
25 12 1
30 12 1
3 13 1
18 13 1
24 13 1
30 13 2
8 14 1
9 14 1
8 15 1
10 16 1
18 16 1
17 17 1
18 17 1
30 17 1
6 18 3
38 18 1
48 18 2
1 19 1
15 19 1
21 20 1
31 20 2
40 20 1
18 21 1
30 22 1
31 22 1
33 22 1
44 23 1
32 24 1
34 25 1
2 26 1
7 26 2
9 26 1
16 26 2
18 26 1
19 26 1
37 26 1
48 26 2
49 26 5
8 27 1
18 28 1
38 29 2
42 29 1
5 30 1
47 31 1
10 32 1
34 33 1
42 34 1
11 35 1
34 36 1
35 36 1
18 37 1
41 38 6
45 38 1
46 38 1
18 39 1
22 39 1
30 39 1
36 39 2
1 40 1
4 40 1
18 40 2
24 40 1
30 40 1
48 40 1
23 41 1
26 42 1
2 43 1
19 44 1
39 45 2
43 46 1
29 47 1
3 48 1
11 48 1
47 49 1
2 50 1
13 50 2
5 51 2
47 52 1
12 53 1
43 54 2
17 55 1
6 56 1
27 57 1
