1 1 3
12 1 1
34 1 1
38 1 1
39 1 1
41 1 1
42 1 1
45 1 4
48 1 2
55 1 1
56 1 1
72 1 1
78 1 5
87 1 2
88 1 4
89 1 1
108 1 1
109 1 2
111 1 4
119 1 1
121 1 2
123 1 1
137 1 1
2 2 2
4 2 1
10 2 1
11 2 1
15 2 1
19 2 1
26 2 1
27 2 1
28 2 2
29 2 1
30 2 1
33 2 1
34 2 1
39 2 1
42 2 2
58 2 1
63 2 1
84 2 3
92 2 1
103 2 1
106 2 2
112 2 1
113 2 1
4 3 2
6 3 1
9 3 1
12 3 2
15 3 1
16 3 1
18 3 6
21 3 1
22 3 1
24 3 1
25 3 1
27 3 3
28 3 2
31 3 1
39 3 1
42 3 3
44 3 1
54 3 1
62 3 2
63 3 4
66 3 2
84 3 1
85 3 2
92 3 1
97 3 1
101 3 2
105 3 1
107 3 3
108 3 1
113 3 4
122 3 1
138 3 2
3 4 1
4 4 4
10 4 10
15 4 3
16 4 1
17 4 9
18 4 1
19 4 3
21 4 1
23 4 1
27 4 6
30 4 2
34 4 3
42 4 1
43 4 1
51 4 1
54 4 3
55 4 1
56 4 2
57 4 1
61 4 1
67 4 1
70 4 1
84 4 2
89 4 1
92 4 1
98 4 1
106 4 1
113 4 4
124 4 2
129 4 1
136 4 1
1 5 1
5 5 3
9 5 2
13 5 1
14 5 2
50 5 1
56 5 1
80 5 1
6 6 5
7 6 1
9 6 1
15 6 1
17 6 1
39 6 1
47 6 1
51 6 1
52 6 1
56 6 1
57 6 1
65 6 1
73 6 2
78 6 1
84 6 1
97 6 1
104 6 1
105 6 2
109 6 1
116 6 1
3 7 2
8 7 1
14 7 1
21 7 1
43 7 1
44 7 1
45 7 1
52 7 1
70 7 1
76 7 1
90 7 3
95 7 1
101 7 2
108 7 1
109 7 1
110 7 1
113 7 1
123 7 2
125 7 1
1 8 2
6 8 1
7 8 1
8 8 1
9 8 3
14 8 1
15 8 1
21 8 2
24 8 3
25 8 1
36 8 1
38 8 1
45 8 5
51 8 1
52 8 2
63 8 1
110 8 1
1 9 1
3 9 1
5 9 1
7 9 1
8 9 2
9 9 9
10 9 2
14 9 2
18 9 2
20 9 1
26 9 3
27 9 2
28 9 1
32 9 2
34 9 1
36 9 4
37 9 4
38 9 2
43 9 1
44 9 1
50 9 2
58 9 1
59 9 3
60 9 2
65 9 2
75 9 1
86 9 3
87 9 1
91 9 1
92 9 1
94 9 1
113 9 2
116 9 3
121 9 2
125 9 1
134 9 1
1 10 2
3 10 1
4 10 1
9 10 1
10 10 14
11 10 1
12 10 1
13 10 1
14 10 7
15 10 1
16 10 2
17 10 2
18 10 3
20 10 2
21 10 1
23 10 2
25 10 1
27 10 2
28 10 2
31 10 3
34 10 2
38 10 1
40 10 2
55 10 1
56 10 1
57 10 1
58 10 1
61 10 12
62 10 1
69 10 1
70 10 1
85 10 1
91 10 1
93 10 2
98 10 2
106 10 2
112 10 2
113 10 3
116 10 1
127 10 1
135 10 1
2 11 2
4 11 2
9 11 2
11 11 5
15 11 1
17 11 2
18 11 2
21 11 2
23 11 3
24 11 3
25 11 9
30 11 1
32 11 1
34 11 1
35 11 1
40 11 1
41 11 3
43 11 1
52 11 1
54 11 1
55 11 1
59 11 2
65 11 2
67 11 2
68 11 8
69 11 8
70 11 1
71 11 3
88 11 1
90 11 1
110 11 1
113 11 1
114 11 1
116 11 1
121 11 1
124 11 3
125 11 1
2 12 1
6 12 1
11 12 1
17 12 1
25 12 2
26 12 2
27 12 4
29 12 2
31 12 2
33 12 2
34 12 1
55 12 2
57 12 1
58 12 1
63 12 2
73 12 1
84 12 1
87 12 3
92 12 1
105 12 1
106 12 1
126 12 1
11 13 1
12 13 1
13 13 6
15 13 1
18 13 1
21 13 2
25 13 1
27 13 1
34 13 5
36 13 3
63 13 2
66 13 1
71 13 1
91 13 1
98 13 1
106 13 1
5 14 1
8 14 1
9 14 7
10 14 2
14 14 3
18 14 3
21 14 3
24 14 1
27 14 1
28 14 1
32 14 1
37 14 1
38 14 1
39 14 1
42 14 1
43 14 1
51 14 2
57 14 1
59 14 3
60 14 4
64 14 1
70 14 2
85 14 1
87 14 1
90 14 1
91 14 1
97 14 2
111 14 1
113 14 2
122 14 5
124 14 1
135 14 3
4 15 2
10 15 1
15 15 6
16 15 7
17 15 1
21 15 1
23 15 3
27 15 1
28 15 2
34 15 1
36 15 1
38 15 2
41 15 1
45 15 1
54 15 1
58 15 1
63 15 6
69 15 3
75 15 2
85 15 1
93 15 1
106 15 1
110 15 1
112 15 2
113 15 2
2 16 1
3 16 3
4 16 5
6 16 1
10 16 3
15 16 7
16 16 44
17 16 1
18 16 2
21 16 10
23 16 2
24 16 2
25 16 1
26 16 1
27 16 7
28 16 3
30 16 5
31 16 1
33 16 3
34 16 5
35 16 1
40 16 1
42 16 1
54 16 1
56 16 1
57 16 1
58 16 1
59 16 1
62 16 3
63 16 1
65 16 2
67 16 2
69 16 1
76 16 1
78 16 1
90 16 2
92 16 1
97 16 1
98 16 1
103 16 1
110 16 1
112 16 4
113 16 11
116 16 2
120 16 2
121 16 1
122 16 1
2 17 1
3 17 3
4 17 1
9 17 1
10 17 2
11 17 1
12 17 2
15 17 2
16 17 2
25 17 1
26 17 1
27 17 3
28 17 1
40 17 1
41 17 1
55 17 1
61 17 1
62 17 1
79 17 1
85 17 1
87 17 4
106 17 1
113 17 3
6 18 1
9 18 1
10 18 6
13 18 1
15 18 2
16 18 1
18 18 5
21 18 1
25 18 1
26 18 2
27 18 1
28 18 1
33 18 1
34 18 1
39 18 1
42 18 2
97 18 4
120 18 1
2 19 1
4 19 3
6 19 1
10 19 1
16 19 1
19 19 1
27 19 1
58 19 1
104 19 1
121 19 1
135 19 2
3 20 3
8 20 2
9 20 2
11 20 4
12 20 1
15 20 6
17 20 1
18 20 1
19 20 2
20 20 9
24 20 1
25 20 5
26 20 1
27 20 1
29 20 1
30 20 1
37 20 1
38 20 1
40 20 1
42 20 3
44 20 1
55 20 1
58 20 2
59 20 6
63 20 1
64 20 6
65 20 1
68 20 4
69 20 14
70 20 10
71 20 3
72 20 1
73 20 1
90 20 2
92 20 1
97 20 1
102 20 1
103 20 1
106 20 5
112 20 4
113 20 4
122 20 7
125 20 1
3 21 1
4 21 1
6 21 1
10 21 1
11 21 2
12 21 1
13 21 2
14 21 1
16 21 1
17 21 1
18 21 9
19 21 4
21 21 5
34 21 2
40 21 2
41 21 1
42 21 2
45 21 1
63 21 1
64 21 1
68 21 2
76 21 3
83 21 1
84 21 3
85 21 5
91 21 2
92 21 5
98 21 3
109 21 2
113 21 5
116 21 7
119 21 1
120 21 2
124 21 1
2 22 1
10 22 1
13 22 1
20 22 1
21 22 7
22 22 6
26 22 1
27 22 1
38 22 1
59 22 2
61 22 2
64 22 2
69 22 4
70 22 1
71 22 2
97 22 2
106 22 1
122 22 2
2 23 2
8 23 1
10 23 1
11 23 1
15 23 3
16 23 2
23 23 4
27 23 5
28 23 8
29 23 1
30 23 1
33 23 1
34 23 9
35 23 1
41 23 11
43 23 1
48 23 1
59 23 9
64 23 3
65 23 2
66 23 1
69 23 2
98 23 1
108 23 1
112 23 3
2 24 2
4 24 1
11 24 3
12 24 1
18 24 2
20 24 1
25 24 2
26 24 4
31 24 1
32 24 3
33 24 1
41 24 3
42 24 1
58 24 1
60 24 2
61 24 1
65 24 2
68 24 7
69 24 2
70 24 2
71 24 2
84 24 1
85 24 1
92 24 2
96 24 2
113 24 2
116 24 2
122 24 2
2 25 2
7 25 1
10 25 2
11 25 4
13 25 16
15 25 1
16 25 5
17 25 1
18 25 2
20 25 4
21 25 1
23 25 1
24 25 2
25 25 27
27 25 3
29 25 2
30 25 2
32 25 1
42 25 1
43 25 1
58 25 1
59 25 2
63 25 2
65 25 1
68 25 2
69 25 4
70 25 6
71 25 29
98 25 1
107 25 1
112 25 1
116 25 1
122 25 11
1 26 1
2 26 2
4 26 3
10 26 4
11 26 2
13 26 1
16 26 2
18 26 1
22 26 1
23 26 1
24 26 1
26 26 1
27 26 4
28 26 2
29 26 1
33 26 1
34 26 1
42 26 6
43 26 2
63 26 1
64 26 2
69 26 1
85 26 1
94 26 1
112 26 3
113 26 8
122 26 2
1 27 1
3 27 1
4 27 5
10 27 5
11 27 1
12 27 1
13 27 2
14 27 1
15 27 4
16 27 7
17 27 1
18 27 1
21 27 1
24 27 1
25 27 1
26 27 2
27 27 4
28 27 1
30 27 1
36 27 1
40 27 1
42 27 6
43 27 4
47 27 2
58 27 1
60 27 1
63 27 5
65 27 1
67 27 2
92 27 1
97 27 1
106 27 1
112 27 10
113 27 11
116 27 1
120 27 1
124 27 1
1 28 1
4 28 2
10 28 1
11 28 1
12 28 1
14 28 1
16 28 5
18 28 2
21 28 1
23 28 1
25 28 1
26 28 1
28 28 1
40 28 1
42 28 1
52 28 1
58 28 3
61 28 1
64 28 1
65 28 1
67 28 1
85 28 2
88 28 1
106 28 4
109 28 1
112 28 1
10 29 1
13 29 1
16 29 1
20 29 1
23 29 2
24 29 1
26 29 2
30 29 4
31 29 1
42 29 1
59 29 1
66 29 2
68 29 1
112 29 3
2 30 1
4 30 1
10 30 1
11 30 2
12 30 1
14 30 2
17 30 3
23 30 1
25 30 1
26 30 1
27 30 1
28 30 3
29 30 1
30 30 4
34 30 1
42 30 2
61 30 1
62 30 3
69 30 2
71 30 1
74 30 1
77 30 1
83 30 1
103 30 1
116 30 4
10 31 2
11 31 1
12 31 2
16 31 1
19 31 1
23 31 2
28 31 1
31 31 1
36 31 1
39 31 1
40 31 1
50 31 4
55 31 1
78 31 1
85 31 2
92 31 1
98 31 1
101 31 1
113 31 1
11 32 1
23 32 1
24 32 1
27 32 1
28 32 3
31 32 1
32 32 8
41 32 4
42 32 1
52 32 5
59 32 4
64 32 1
70 32 1
71 32 1
75 32 1
91 32 1
113 32 1
10 33 1
15 33 2
16 33 8
28 33 1
34 33 2
40 33 1
42 33 2
62 33 1
67 33 1
112 33 2
113 33 1
15 34 1
16 34 1
20 34 1
23 34 2
26 34 1
27 34 1
30 34 2
34 34 2
97 34 4
112 34 1
113 34 1
138 34 1
2 35 3
3 35 3
6 35 1
9 35 3
10 35 1
11 35 3
15 35 1
16 35 3
25 35 1
30 35 1
31 35 1
35 35 3
36 35 2
42 35 1
43 35 1
58 35 2
65 35 1
69 35 2
84 35 1
85 35 2
87 35 1
98 35 1
110 35 1
113 35 1
116 35 2
124 35 1
125 35 2
4 36 2
6 36 1
14 36 1
15 36 1
21 36 2
25 36 1
26 36 1
27 36 1
30 36 1
31 36 1
36 36 4
38 36 1
39 36 3
52 36 1
56 36 4
57 36 1
59 36 3
62 36 1
79 36 2
84 36 1
85 36 1
97 36 2
98 36 1
107 36 1
110 36 3
114 36 1
115 36 1
116 36 1
120 36 1
122 36 2
124 36 1
125 36 1
132 36 1
135 36 2
136 36 1
3 37 1
9 37 1
14 37 3
15 37 2
19 37 2
22 37 1
37 37 2
54 37 5
103 37 1
104 37 2
120 37 1
135 37 1
6 38 3
7 38 1
9 38 1
10 38 1
30 38 1
36 38 2
38 38 2
51 38 1
54 38 2
69 38 2
90 38 2
98 38 2
106 38 1
108 38 2
109 38 1
110 38 2
115 38 1
127 38 1
4 39 1
9 39 1
20 39 2
21 39 2
22 39 1
32 39 12
38 39 1
39 39 5
40 39 1
41 39 1
51 39 1
52 39 1
55 39 1
58 39 1
59 39 3
69 39 3
71 39 4
73 39 1
87 39 1
90 39 1
97 39 1
135 39 2
9 40 1
10 40 1
31 40 1
34 40 1
37 40 1
88 40 1
92 40 1
112 40 1
2 41 1
9 41 1
11 41 1
14 41 1
20 41 1
23 41 3
25 41 2
26 41 3
33 41 1
38 41 1
41 41 3
42 41 5
45 41 2
59 41 4
69 41 3
70 41 2
85 41 1
92 41 1
97 41 2
3 42 1
10 42 2
12 42 1
17 42 1
23 42 1
25 42 1
26 42 3
27 42 3
34 42 2
42 42 5
43 42 1
49 42 1
55 42 2
62 42 3
63 42 5
67 42 1
96 42 2
112 42 1
113 42 2
120 42 1
3 43 2
4 43 1
6 43 1
21 43 1
35 43 1
36 43 3
39 43 5
43 43 1
56 43 2
57 43 1
73 43 2
83 43 1
85 43 2
89 43 1
92 43 1
97 43 2
103 43 1
105 43 1
106 43 1
107 43 1
124 43 1
2 44 1
15 44 1
24 44 1
34 44 3
41 44 1
44 44 1
52 44 1
59 44 2
63 44 1
67 44 1
93 44 1
94 44 1
96 44 2
124 44 1
136 44 1
4 45 2
6 45 2
7 45 11
8 45 3
9 45 12
10 45 2
15 45 2
24 45 1
25 45 1
28 45 3
34 45 1
35 45 2
45 45 8
48 45 1
50 45 2
51 45 2
52 45 2
53 45 1
59 45 3
63 45 2
65 45 2
67 45 1
70 45 2
72 45 3
75 45 1
78 45 1
84 45 1
87 45 2
90 45 4
93 45 2
94 45 1
96 45 11
97 45 1
98 45 2
100 45 1
101 45 4
102 45 2
105 45 1
107 45 1
109 45 1
110 45 2
112 45 1
113 45 1
114 45 2
116 45 1
121 45 1
124 45 34
135 45 5
6 46 1
46 46 1
48 46 3
72 46 1
81 46 1
89 46 1
10 47 1
15 47 1
18 47 1
19 47 1
27 47 1
47 47 1
49 47 1
56 47 1
66 47 1
78 47 1
87 47 1
109 47 1
116 47 1
136 47 1
16 48 1
44 48 1
46 48 3
48 48 1
72 48 1
78 48 2
88 48 1
105 48 1
111 48 1
121 48 1
129 48 2
49 49 1
71 49 9
76 49 1
88 49 1
123 49 1
50 50 4
52 50 2
89 50 1
99 50 2
108 50 1
116 50 1
121 50 1
1 51 1
8 51 1
20 51 1
37 51 1
39 51 5
43 51 10
45 51 1
51 51 2
61 51 1
97 51 1
98 51 2
102 51 2
105 51 1
107 51 1
125 51 4
1 52 1
2 52 1
5 52 6
8 52 1
16 52 2
31 52 1
34 52 1
47 52 2
52 52 1
76 52 2
77 52 1
80 52 2
89 52 2
103 52 7
105 52 2
112 52 2
119 52 2
123 52 1
14 53 1
21 53 1
44 53 2
118 53 1
135 53 1
3 54 2
4 54 4
10 54 1
11 54 1
12 54 1
15 54 1
16 54 1
18 54 4
27 54 3
28 54 1
34 54 4
36 54 1
42 54 1
47 54 1
52 54 1
54 54 5
55 54 2
57 54 1
62 54 1
85 54 3
88 54 1
113 54 2
116 54 1
121 54 1
124 54 1
133 54 1
3 55 2
4 55 1
10 55 10
25 55 1
27 55 1
28 55 4
34 55 1
85 55 3
97 55 1
113 55 1
116 55 8
5 56 2
9 56 1
18 56 1
45 56 1
48 56 1
54 56 1
74 56 2
81 56 1
87 56 2
103 56 2
108 56 2
4 57 1
7 57 3
9 57 1
28 57 1
30 57 1
47 57 3
55 57 1
72 57 1
78 57 1
81 57 9
107 57 1
10 58 10
12 58 1
16 58 1
18 58 2
23 58 1
27 58 1
28 58 3
34 58 5
43 58 1
54 58 3
57 58 1
58 58 3
59 58 2
66 58 1
68 58 1
69 58 1
97 58 1
103 58 1
106 58 1
112 58 1
113 58 1
114 58 1
122 58 1
3 59 2
9 59 6
10 59 1
11 59 1
12 59 1
14 59 2
15 59 2
16 59 1
20 59 13
24 59 1
25 59 5
26 59 1
27 59 1
28 59 2
30 59 1
39 59 1
41 59 3
42 59 2
43 59 1
45 59 4
54 59 1
55 59 1
58 59 4
59 59 7
64 59 5
65 59 2
69 59 9
70 59 14
71 59 3
75 59 1
78 59 1
90 59 8
92 59 2
93 59 1
106 59 1
109 59 4
112 59 1
115 59 1
116 59 4
121 59 1
122 59 2
135 59 1
7 60 1
9 60 1
10 60 1
14 60 3
27 60 2
30 60 5
31 60 1
45 60 1
60 60 4
69 60 1
70 60 1
90 60 1
99 60 2
119 60 3
14 61 1
16 61 1
24 61 1
26 61 1
28 61 1
30 61 1
34 61 1
61 61 1
63 61 2
10 62 1
12 62 1
15 62 3
24 62 1
26 62 2
28 62 1
42 62 2
58 62 1
62 62 4
63 62 1
67 62 4
91 62 1
98 62 1
111 62 1
112 62 1
113 62 2
9 63 2
12 63 2
15 63 2
26 63 42
31 63 1
34 63 1
41 63 1
42 63 14
44 63 1
55 63 1
61 63 1
62 63 1
63 63 4
64 63 1
66 63 1
67 63 1
69 63 3
71 63 3
90 63 2
91 63 1
93 63 2
113 63 1
116 63 8
4 64 1
11 64 7
16 64 1
24 64 1
25 64 1
26 64 2
28 64 4
34 64 1
64 64 1
69 64 3
83 64 3
98 64 1
10 65 2
11 65 2
23 65 1
28 65 2
33 65 2
52 65 1
59 65 6
63 65 1
65 65 3
68 65 1
69 65 3
70 65 3
71 65 1
76 65 1
85 65 1
105 65 3
120 65 1
122 65 4
28 66 3
29 66 1
42 66 3
58 66 1
62 66 1
63 66 1
66 66 1
70 66 2
84 66 1
85 66 1
97 66 1
112 66 2
113 66 2
4 67 3
11 67 1
13 67 1
16 67 2
26 67 1
27 67 2
28 67 2
31 67 1
33 67 1
36 67 1
41 67 2
63 67 10
67 67 3
70 67 2
112 67 1
113 67 3
118 67 1
124 67 1
11 68 3
16 68 2
25 68 2
32 68 1
64 68 2
65 68 3
68 68 12
69 68 2
70 68 2
71 68 4
83 68 2
116 68 2
122 68 10
11 69 4
14 69 1
16 69 1
20 69 2
23 69 2
24 69 1
25 69 4
26 69 1
38 69 2
52 69 1
59 69 5
60 69 3
61 69 1
65 69 3
68 69 12
69 69 25
70 69 9
71 69 107
122 69 27
1 70 1
11 70 2
14 70 1
20 70 7
22 70 4
25 70 2
28 70 1
32 70 2
39 70 1
41 70 6
49 70 1
59 70 8
60 70 2
65 70 1
66 70 2
68 70 4
69 70 3
70 70 33
71 70 38
79 70 1
85 70 2
90 70 1
92 70 1
96 70 2
98 70 1
113 70 1
116 70 5
122 70 6
9 71 3
10 71 3
11 71 1
14 71 1
15 71 2
20 71 4
24 71 8
25 71 47
26 71 4
28 71 3
30 71 5
33 71 2
34 71 1
39 71 5
41 71 2
49 71 7
64 71 1
65 71 5
68 71 15
69 71 11
70 71 9
71 71 40
98 71 1
116 71 4
122 71 90
49 72 1
72 72 6
99 72 1
123 72 2
1 73 1
14 73 1
15 73 2
36 73 1
68 73 1
88 73 3
89 73 1
107 73 3
110 73 1
114 73 1
116 73 1
121 73 4
103 74 1
118 74 1
122 74 2
3 75 1
26 75 1
27 75 1
34 75 1
36 75 1
41 75 1
52 75 1
75 75 1
103 75 1
1 76 1
2 76 1
47 76 1
52 76 1
76 76 4
78 76 2
100 76 1
103 76 1
113 76 1
16 77 1
48 77 1
103 77 1
121 77 1
1 78 4
45 78 1
47 78 1
48 78 1
78 78 2
86 78 1
108 78 1
111 78 1
121 78 1
1 79 1
27 79 1
72 80 1
80 80 1
1 81 1
10 81 1
63 81 1
75 81 1
24 82 2
28 82 1
29 82 1
34 82 2
42 82 1
58 82 1
64 82 1
83 82 2
112 82 1
2 83 1
4 83 1
11 83 1
12 83 1
15 83 1
16 83 1
21 83 2
27 83 2
28 83 1
34 83 1
59 83 4
64 83 1
124 83 1
2 84 5
3 84 2
4 84 8
10 84 2
21 84 1
26 84 1
28 84 1
34 84 1
58 84 2
62 84 1
78 84 2
84 84 1
85 84 2
135 84 1
50 85 3
56 85 1
73 85 1
86 85 2
89 85 1
108 85 1
111 85 1
123 85 2
38 86 2
87 86 1
108 86 1
116 86 1
120 86 1
46 87 1
1 88 2
49 88 1
54 88 2
73 88 1
89 88 1
107 88 3
111 88 1
123 88 1
135 88 1
5 89 1
9 89 1
12 89 2
16 89 2
28 89 1
32 89 1
50 89 1
59 89 2
63 89 1
69 89 4
70 89 3
85 89 1
90 89 2
124 89 1
125 89 6
3 90 1
6 90 1
7 90 1
10 90 1
15 90 2
16 90 1
20 90 1
21 90 2
27 90 1
28 90 2
42 90 2
53 90 1
59 90 1
60 90 1
69 90 2
70 90 1
109 90 1
115 90 2
4 91 2
10 91 10
11 91 2
12 91 1
18 91 1
28 91 1
34 91 1
38 91 1
59 91 2
62 91 1
92 91 1
112 91 2
15 92 1
16 92 1
49 92 2
62 92 1
63 92 1
67 92 2
76 92 2
93 92 1
94 92 1
95 92 1
96 92 1
102 92 1
103 92 1
118 92 1
1 93 1
6 93 1
35 93 1
46 93 1
49 93 1
76 93 1
81 93 2
121 93 1
134 93 1
20 94 3
74 94 2
90 94 1
111 94 2
7 95 2
16 95 1
24 95 1
27 95 6
42 95 2
76 95 1
96 95 2
101 95 1
116 95 2
124 95 2
13 96 2
14 96 4
17 96 1
18 96 1
23 96 2
28 96 1
30 96 1
31 96 2
39 96 1
51 96 2
52 96 1
58 96 2
62 96 1
63 96 1
66 96 1
97 96 1
112 96 2
114 96 2
130 96 1
3 97 1
9 97 1
11 97 1
14 97 1
16 97 1
21 97 1
28 97 1
36 97 3
37 97 1
38 97 2
52 97 1
58 97 2
66 97 1
88 97 1
98 97 9
109 97 1
116 97 2
6 98 2
72 98 1
89 98 1
121 98 2
15 99 1
19 99 1
49 99 1
73 99 1
76 99 1
96 99 2
121 99 1
38 100 1
44 100 1
45 100 1
48 100 3
52 100 1
53 100 2
59 100 1
63 100 1
70 100 2
101 100 2
102 100 1
103 100 2
109 100 1
133 100 1
9 101 1
37 101 1
45 101 2
50 101 1
75 101 1
101 101 1
102 101 2
103 101 3
110 101 1
15 102 1
31 102 1
45 102 1
77 102 1
97 102 1
98 102 1
101 102 2
105 102 1
115 102 1
118 102 1
1 103 1
10 103 1
28 103 1
47 103 1
76 103 1
125 103 1
88 104 5
106 104 1
113 104 1
14 105 3
15 105 2
18 105 1
21 105 1
24 105 1
27 105 1
28 105 1
31 105 2
36 105 3
37 105 1
38 105 1
39 105 14
40 105 1
50 105 1
58 105 1
67 105 1
69 105 1
76 105 2
84 105 1
85 105 1
87 105 1
92 105 1
97 105 2
109 105 2
110 105 2
111 105 1
113 105 1
120 105 1
124 105 1
2 106 1
3 106 1
14 106 1
39 106 2
50 106 2
51 106 1
89 106 3
98 106 1
107 106 2
108 106 1
110 106 1
115 106 2
116 106 1
5 107 2
15 107 1
48 107 1
56 107 1
73 107 1
78 107 2
82 107 1
107 107 1
1 108 2
6 108 2
9 108 1
45 108 1
56 108 4
57 108 2
73 108 11
75 108 1
98 108 1
102 108 5
104 108 1
125 108 1
135 108 4
136 108 1
6 109 1
14 109 1
15 109 2
21 109 1
22 109 2
36 109 1
41 109 1
43 109 1
45 109 3
51 109 2
54 109 1
56 109 1
61 109 1
73 109 9
88 109 1
90 109 1
98 109 1
102 109 1
103 109 1
106 109 1
110 109 3
113 109 1
120 109 1
135 109 2
136 109 2
1 110 8
5 110 1
44 110 1
86 110 1
88 110 1
107 110 6
2 111 2
4 111 2
10 111 2
15 111 1
16 111 1
17 111 1
20 111 2
24 111 1
26 111 5
27 111 2
58 111 2
64 111 5
66 111 1
67 111 2
85 111 1
97 111 1
112 111 4
113 111 3
10 112 3
12 112 2
15 112 7
16 112 3
20 112 5
22 112 2
25 112 1
26 112 2
27 112 9
28 112 1
42 112 44
47 112 1
62 112 11
64 112 1
67 112 8
75 112 1
85 112 1
90 112 3
93 112 2
99 112 1
113 112 4
116 112 3
135 112 1
1 113 1
6 113 1
10 113 1
44 113 1
73 113 1
85 113 1
92 113 1
114 113 1
9 114 2
82 114 1
120 114 1
135 114 1
3 115 1
4 115 1
10 115 2
14 115 2
15 115 2
20 115 1
25 115 8
26 115 1
34 115 1
40 115 1
41 115 1
42 115 1
52 115 1
65 115 1
69 115 2
71 115 4
82 115 1
84 115 1
85 115 1
87 115 1
112 115 1
113 115 1
116 115 9
135 115 1
121 116 1
12 117 1
20 117 1
27 117 1
31 117 1
45 117 1
53 117 1
55 117 1
58 117 1
98 117 4
1 118 1
56 118 1
119 118 1
123 118 1
1 119 1
12 119 1
43 119 1
48 119 1
54 119 1
57 119 1
73 119 1
78 119 1
120 119 2
124 119 1
36 120 1
45 120 2
48 120 1
77 120 1
78 120 1
79 120 1
121 120 1
10 121 2
11 121 8
12 121 4
15 121 3
16 121 5
18 121 1
20 121 9
23 121 2
24 121 5
25 121 15
30 121 6
36 121 1
41 121 3
45 121 2
59 121 2
63 121 4
64 121 4
65 121 9
68 121 10
69 121 23
70 121 20
71 121 26
85 121 2
116 121 4
122 121 60
49 122 1
58 122 1
86 122 1
89 122 2
123 122 1
2 123 2
10 123 2
15 123 1
21 123 1
27 123 1
38 123 1
76 123 1
97 123 1
110 123 1
113 123 1
120 123 1
124 123 8
7 124 2
20 124 1
45 124 3
67 124 1
88 124 1
90 124 2
98 124 1
109 124 1
110 124 2
114 124 1
115 124 1
125 124 2
135 124 1
137 125 1
1 126 1
128 126 1
1 127 1
131 127 1
139 128 1
133 129 1
10 130 1
4 131 1
6 131 2
8 131 1
9 131 4
10 131 1
18 131 6
19 131 1
27 131 1
28 131 1
36 131 1
37 131 1
38 131 2
39 131 1
42 131 1
45 131 1
54 131 13
55 131 1
56 131 1
86 131 1
95 131 1
101 131 1
109 131 1
110 131 1
135 131 2
136 131 1
9 132 3
18 132 2
33 132 2
34 132 1
42 132 2
45 132 1
54 132 1
56 132 1
85 132 1
97 132 2
106 132 1
109 132 2
110 132 2
112 132 1
114 132 1
136 132 2
9 133 1
137 133 2
138 133 1
117 134 1
138 134 3
139 134 1
