1 1 1
21 1 1
77 1 1
78 1 2
83 1 1
85 1 2
86 1 1
100 1 1
104 1 1
110 1 1
122 1 1
2 2 2
15 2 1
42 2 1
89 2 2
112 2 2
3 3 1
4 3 3
15 3 2
17 3 1
23 3 1
27 3 1
31 3 1
32 3 1
35 3 1
36 3 1
38 3 1
42 3 1
43 3 2
61 3 2
74 3 1
83 3 1
84 3 1
88 3 1
96 3 1
109 3 1
112 3 9
3 4 4
4 4 1
13 4 1
15 4 2
16 4 1
17 4 1
19 4 1
23 4 1
25 4 1
26 4 2
40 4 2
42 4 1
43 4 1
45 4 1
54 4 2
55 4 1
58 4 1
59 4 1
63 4 1
83 4 5
111 4 1
38 5 1
6 6 1
18 6 1
21 6 3
36 6 2
40 6 2
43 6 1
56 6 1
73 6 1
102 6 2
104 6 4
109 6 1
113 6 1
8 7 1
9 7 3
36 7 1
45 7 3
52 7 1
7 8 1
8 8 3
37 8 5
41 8 1
45 8 2
90 8 1
123 8 2
130 8 1
1 9 1
3 9 3
8 9 3
9 9 6
14 9 1
16 9 1
20 9 1
21 9 2
35 9 2
36 9 2
42 9 1
43 9 4
44 9 1
45 9 8
51 9 7
54 9 3
59 9 1
71 9 1
73 9 2
86 9 1
100 9 3
106 9 2
108 9 1
120 9 1
124 9 2
125 9 1
132 9 4
10 10 3
15 10 1
27 10 3
34 10 1
39 10 1
61 10 2
83 10 1
111 10 1
112 10 1
123 10 1
9 11 1
11 11 1
20 11 1
24 11 7
25 11 2
26 11 1
34 11 2
41 11 6
59 11 1
65 11 1
71 11 2
121 11 3
10 12 3
12 12 3
18 12 2
24 12 1
28 12 1
38 12 1
42 12 1
82 12 1
115 12 1
13 13 1
15 13 1
2 14 3
6 14 1
8 14 2
9 14 1
10 14 1
12 14 2
27 14 2
36 14 1
37 14 2
41 14 1
42 14 1
59 14 1
83 14 1
84 14 1
89 14 1
90 14 2
96 14 1
97 14 1
103 14 1
109 14 3
113 14 1
2 15 2
4 15 1
10 15 1
15 15 3
18 15 2
21 15 2
23 15 1
26 15 1
38 15 2
50 15 1
73 15 1
90 15 1
97 15 1
112 15 1
113 15 1
123 15 1
12 16 1
16 16 4
27 16 1
30 16 2
36 16 1
63 16 1
112 16 1
27 17 1
42 17 1
43 17 1
4 18 1
9 18 3
10 18 4
11 18 1
18 18 1
36 18 1
39 18 1
42 18 1
63 18 1
77 18 1
3 19 1
4 19 5
10 19 2
15 19 1
16 19 1
17 19 1
31 19 1
35 19 2
55 19 1
62 19 1
84 19 1
111 19 1
132 19 2
3 20 1
10 20 2
15 20 2
20 20 2
24 20 2
25 20 3
26 20 1
28 20 2
35 20 1
42 20 1
52 20 1
55 20 1
59 20 1
69 20 6
70 20 1
9 21 1
10 21 3
12 21 1
14 21 3
15 21 2
17 21 1
20 21 1
21 21 1
26 21 2
27 21 4
42 21 1
63 21 2
64 21 1
73 21 1
83 21 2
84 21 2
112 21 1
115 21 1
119 21 1
121 21 1
123 21 1
11 22 1
12 22 1
23 22 1
29 22 1
36 22 2
39 22 13
60 22 3
69 22 3
71 22 2
4 23 2
15 23 1
17 23 4
23 23 2
24 23 3
26 23 4
28 23 4
29 23 1
32 23 1
33 23 4
34 23 14
37 23 1
38 23 2
40 23 1
41 23 4
42 23 3
43 23 1
65 23 1
111 23 11
113 23 1
117 23 1
10 24 3
12 24 5
15 24 2
18 24 1
22 24 1
23 24 2
24 24 4
26 24 1
27 24 2
28 24 2
29 24 1
32 24 1
41 24 4
42 24 2
44 24 1
55 24 2
63 24 1
64 24 1
84 24 1
100 24 1
109 24 1
111 24 1
2 25 1
9 25 1
11 25 1
13 25 1
21 25 1
24 25 1
25 25 10
27 25 2
35 25 3
36 25 1
59 25 1
71 25 4
97 25 1
109 25 4
112 25 1
2 26 1
4 26 1
12 26 2
15 26 1
17 26 3
22 26 1
23 26 1
24 26 2
26 26 4
27 26 2
30 26 1
34 26 3
42 26 4
58 26 2
61 26 1
62 26 1
66 26 1
67 26 2
69 26 2
73 26 1
84 26 2
98 26 2
103 26 1
111 26 9
112 26 2
2 27 2
4 27 1
12 27 4
13 27 1
16 27 4
17 27 3
18 27 1
23 27 4
25 27 2
31 27 1
33 27 4
34 27 1
39 27 6
42 27 3
43 27 2
58 27 4
63 27 2
65 27 2
66 27 1
69 27 1
73 27 1
77 27 1
78 27 1
83 27 2
84 27 5
96 27 1
103 27 4
111 27 1
2 28 1
4 28 1
16 28 2
20 28 1
23 28 2
28 28 1
33 28 1
34 28 1
55 28 1
62 28 2
66 28 4
67 28 1
69 28 3
90 28 1
97 28 1
105 28 1
123 28 1
8 29 1
10 29 1
16 29 1
20 29 1
23 29 3
24 29 1
26 29 1
27 29 1
28 29 2
30 29 3
33 29 2
34 29 3
41 29 1
65 29 1
111 29 5
115 29 1
117 29 1
12 30 1
16 30 1
29 30 2
30 30 3
36 30 2
42 30 1
47 30 1
59 30 1
82 30 1
115 30 1
3 31 2
4 31 2
9 31 2
10 31 2
14 31 1
15 31 2
16 31 1
17 31 1
19 31 1
32 31 1
36 31 1
38 31 1
39 31 2
42 31 1
70 31 4
84 31 2
96 31 1
3 32 2
23 32 1
26 32 1
29 32 1
32 32 1
34 32 2
35 32 2
39 32 2
41 32 1
59 32 2
65 32 1
66 32 1
71 32 1
84 32 1
111 32 3
132 32 2
2 33 6
15 33 5
16 33 1
21 33 1
23 33 3
24 33 1
26 33 4
28 33 4
33 33 2
34 33 3
35 33 3
38 33 2
40 33 1
54 33 2
62 33 1
67 33 4
124 33 1
2 34 4
11 34 2
15 34 2
16 34 4
17 34 1
23 34 1
26 34 6
28 34 2
36 34 1
38 34 1
45 34 1
52 34 2
54 34 1
82 34 2
83 34 1
111 34 2
132 34 1
13 35 1
17 35 1
24 35 2
25 35 2
38 35 1
42 35 1
44 35 1
55 35 1
64 35 2
67 35 1
105 35 2
9 36 2
12 36 1
13 36 1
14 36 1
20 36 1
21 36 4
25 36 1
27 36 1
28 36 1
35 36 1
36 36 3
38 36 1
42 36 1
43 36 3
51 36 3
55 36 1
73 36 1
97 36 2
108 36 3
109 36 2
114 36 2
132 36 1
4 37 1
9 37 1
14 37 3
23 37 1
31 37 1
40 37 1
45 37 1
59 37 1
62 37 1
83 37 1
100 37 1
111 37 1
113 37 2
3 38 1
6 38 3
10 38 1
14 38 2
20 38 2
21 38 3
23 38 1
36 38 2
38 38 3
54 38 1
63 38 1
97 38 2
111 38 1
113 38 1
117 38 1
132 38 2
3 39 2
4 39 2
8 39 1
9 39 3
23 39 2
27 39 4
30 39 1
31 39 3
36 39 2
39 39 3
54 39 3
63 39 1
69 39 1
87 39 1
106 39 1
107 39 1
132 39 7
2 40 1
4 40 1
24 40 1
36 40 2
69 40 1
89 40 2
90 40 1
96 40 1
108 40 1
115 40 1
120 40 1
3 41 1
12 41 1
23 41 6
24 41 10
26 41 1
28 41 2
29 41 1
30 41 3
35 41 1
36 41 5
39 41 1
41 41 2
55 41 1
56 41 1
59 41 6
61 41 1
62 41 2
70 41 1
73 41 1
91 41 1
99 41 1
111 41 7
124 41 1
12 42 1
17 42 1
20 42 1
24 42 1
26 42 3
27 42 4
42 42 5
58 42 2
71 42 1
82 42 1
83 42 1
111 42 1
112 42 1
114 42 1
115 42 1
121 42 1
4 43 1
10 43 1
13 43 1
16 43 2
25 43 2
36 43 2
38 43 1
42 43 3
43 43 5
55 43 1
84 43 1
106 43 1
109 43 1
114 43 1
132 43 1
8 44 1
27 44 2
36 44 1
52 44 2
73 44 1
108 44 1
120 44 1
9 45 1
20 45 1
27 45 2
41 45 1
45 45 3
52 45 1
77 45 1
100 45 2
101 45 2
102 45 2
109 45 3
112 45 1
133 45 1
76 46 1
80 46 1
104 46 1
11 47 1
46 47 1
74 47 1
105 47 1
110 47 1
120 47 1
50 48 1
78 48 1
1 49 1
14 49 1
46 49 2
49 49 3
50 49 2
102 49 1
108 49 1
18 50 1
47 50 1
48 50 2
54 50 1
56 50 1
93 50 1
104 50 1
118 50 1
7 51 1
13 51 1
17 51 1
21 51 1
35 51 1
38 51 2
51 51 2
68 51 1
90 51 1
92 51 1
108 51 1
114 51 1
115 51 1
124 51 2
6 52 1
21 52 1
27 52 1
100 52 1
101 52 1
112 52 1
109 53 1
117 53 1
1 54 1
4 54 3
15 54 1
26 54 1
39 54 1
42 54 1
55 54 1
86 54 1
100 54 1
120 54 1
132 54 1
4 55 2
11 55 1
15 55 1
18 55 1
19 55 1
28 55 3
31 55 1
36 55 1
38 55 1
55 55 2
84 55 1
103 55 3
132 55 1
1 56 2
10 56 1
43 56 2
49 56 1
85 56 1
90 56 1
4 57 1
10 57 3
17 57 1
21 57 1
37 57 1
47 57 2
96 57 1
120 57 1
132 57 1
1 58 1
2 58 1
4 58 3
6 58 1
10 58 3
12 58 2
14 58 1
21 58 2
25 58 1
26 58 1
34 58 4
36 58 2
37 58 1
38 58 1
39 58 1
42 58 1
55 58 2
63 58 2
82 58 1
84 58 8
85 58 1
90 58 1
103 58 1
113 58 1
123 58 1
3 59 3
14 59 1
18 59 4
26 59 2
27 59 1
31 59 1
36 59 1
37 59 1
38 59 1
39 59 1
59 59 3
62 59 2
63 59 1
66 59 2
69 59 2
70 59 2
73 59 1
80 59 1
96 59 2
103 59 5
112 59 4
113 59 1
118 59 1
124 59 1
132 59 2
3 60 1
23 60 4
36 60 1
54 60 1
55 60 1
58 60 1
60 60 2
70 60 1
101 60 1
111 60 1
124 60 1
3 61 1
4 61 1
10 61 2
16 61 2
26 61 1
27 61 3
28 61 3
39 61 1
58 61 1
60 61 1
61 61 1
93 61 3
111 61 1
124 61 1
3 62 2
10 62 1
12 62 2
15 62 1
16 62 5
17 62 3
18 62 2
20 62 1
26 62 4
27 62 5
28 62 1
30 62 3
32 62 1
34 62 1
42 62 6
56 62 1
61 62 1
62 62 2
63 62 1
67 62 5
69 62 1
73 62 1
84 62 1
89 62 2
92 62 1
111 62 1
112 62 1
4 63 2
6 63 1
10 63 1
13 63 1
15 63 2
16 63 1
18 63 1
27 63 1
41 63 2
42 63 2
44 63 2
52 63 1
61 63 1
62 63 1
63 63 1
100 63 1
111 63 1
124 63 1
2 64 1
10 64 3
12 64 1
13 64 1
14 64 1
15 64 1
20 64 2
21 64 2
22 64 1
24 64 4
26 64 1
27 64 1
29 64 1
30 64 1
31 64 1
35 64 5
36 64 1
41 64 2
52 64 1
59 64 1
66 64 1
69 64 1
73 64 1
82 64 1
89 64 1
105 64 1
111 64 2
115 64 1
2 65 1
4 65 1
11 65 1
13 65 1
21 65 1
22 65 1
23 65 2
26 65 2
27 65 4
29 65 1
34 65 1
35 65 2
36 65 2
41 65 2
44 65 1
48 65 1
55 65 1
59 65 1
65 65 1
68 65 1
70 65 2
71 65 1
82 65 2
111 65 1
2 66 1
13 66 1
15 66 1
20 66 2
23 66 2
26 66 2
28 66 2
42 66 2
91 66 1
109 66 1
111 66 7
67 67 1
68 68 1
28 69 1
69 69 1
71 69 1
115 69 1
121 69 1
121 70 1
71 71 1
121 71 4
1 72 5
50 72 1
72 72 2
10 73 1
18 73 1
42 73 2
73 73 1
87 73 2
93 73 2
96 73 1
124 73 2
74 74 1
16 75 1
63 75 3
108 75 1
120 75 1
18 76 1
44 76 1
45 76 2
49 76 1
116 76 1
53 77 1
72 77 1
77 77 1
1 78 2
43 78 1
46 78 1
85 78 1
102 78 1
8 79 1
30 79 1
36 79 1
42 79 2
44 79 1
52 79 1
93 79 1
1 80 1
15 80 1
16 80 1
28 80 2
52 80 1
59 80 1
79 80 1
120 80 2
51 81 1
78 81 1
87 81 1
102 81 1
21 82 2
58 82 3
120 82 1
4 83 1
42 83 1
43 83 1
4 84 1
10 84 1
18 84 1
25 84 1
43 84 2
63 84 1
91 84 2
111 84 1
50 85 1
87 85 1
88 85 2
89 85 1
110 85 1
119 85 1
1 86 4
39 86 1
85 86 2
86 86 1
1 87 1
48 87 1
51 87 1
99 87 1
29 88 1
47 88 1
51 88 1
54 88 1
72 88 1
80 88 1
85 88 1
88 88 2
93 88 1
105 88 1
7 89 2
8 89 1
10 89 1
14 89 1
39 89 1
45 89 3
70 89 3
89 89 1
129 89 1
132 89 1
1 90 1
3 90 1
9 90 2
10 90 1
14 90 1
19 90 1
22 90 1
30 90 1
42 90 1
46 90 1
56 90 1
60 90 1
65 90 1
84 90 1
108 90 1
10 91 1
17 91 1
18 91 1
38 91 1
64 91 1
84 91 1
90 91 1
91 91 1
96 91 1
118 91 1
4 92 1
27 92 1
30 92 1
58 92 1
19 93 1
45 93 1
65 93 1
93 93 1
6 94 1
50 94 1
112 94 1
91 95 1
117 95 5
133 95 1
3 96 1
36 96 1
38 96 1
43 96 1
54 96 1
73 96 2
90 96 1
95 96 3
96 96 2
109 96 1
119 96 1
124 96 2
126 96 2
132 96 1
10 97 1
17 97 1
42 97 1
54 97 1
59 97 1
64 97 1
69 97 1
96 97 1
97 97 2
111 97 1
113 97 1
27 98 1
63 98 1
78 98 1
120 98 4
9 99 1
48 99 1
50 99 7
77 99 1
101 99 1
115 99 1
132 99 1
4 100 1
20 100 1
36 100 1
45 100 1
51 100 1
52 100 1
53 100 2
57 100 2
84 100 1
95 100 2
100 100 1
123 100 1
59 101 1
101 101 2
6 102 1
47 102 1
75 102 1
93 102 3
20 103 1
36 103 1
40 103 1
81 103 1
103 103 2
132 103 1
1 104 1
32 104 1
52 104 1
68 104 1
103 104 1
120 104 1
15 105 1
17 105 1
21 105 3
26 105 1
27 105 6
36 105 1
42 105 4
50 105 1
52 105 1
67 105 2
106 105 1
109 105 1
111 105 2
114 105 1
115 105 1
2 106 1
20 106 3
39 106 1
51 106 2
84 106 1
110 106 1
5 107 1
120 107 1
7 108 1
28 108 2
36 108 1
45 108 1
108 108 1
124 108 1
132 108 3
1 109 1
4 109 5
8 109 4
10 109 1
15 109 8
17 109 1
18 109 2
19 109 1
27 109 2
35 109 1
36 109 4
38 109 1
39 109 1
40 109 1
45 109 4
87 109 1
90 109 1
109 109 1
124 109 2
132 109 5
8 110 3
9 110 1
39 110 1
85 110 1
86 110 1
107 110 1
120 110 1
10 111 2
12 111 1
15 111 2
16 111 4
23 111 3
24 111 1
26 111 7
27 111 3
28 111 3
41 111 9
42 111 3
67 111 3
82 111 1
83 111 3
84 111 4
105 111 3
111 111 4
112 111 1
132 111 1
4 112 4
7 112 1
9 112 1
10 112 4
11 112 2
12 112 1
15 112 4
16 112 3
27 112 5
34 112 2
43 112 1
45 112 1
47 112 1
48 112 2
51 112 1
54 112 1
62 112 1
63 112 1
67 112 3
82 112 1
101 112 1
106 112 2
111 112 2
112 112 3
115 112 1
3 113 2
18 113 2
19 113 3
36 113 7
38 113 6
45 113 1
51 113 1
84 113 1
94 113 1
106 113 1
112 113 1
10 114 1
21 114 1
43 114 1
45 114 1
54 114 1
58 114 1
67 114 1
124 114 1
10 115 1
15 115 1
24 115 1
12 116 1
3 117 2
12 117 1
16 117 2
17 117 1
20 117 1
31 117 2
42 117 1
52 117 1
53 117 4
55 117 1
56 117 1
63 117 2
75 117 1
76 117 1
108 117 2
6 118 1
9 118 1
40 118 1
120 118 2
16 119 1
35 119 1
54 119 3
56 119 1
101 119 1
107 119 1
109 119 1
15 120 1
27 120 1
36 120 2
42 120 1
51 120 1
67 120 3
77 120 1
93 120 1
98 120 1
118 120 2
120 120 1
121 121 1
50 122 4
52 122 1
72 122 1
77 122 1
10 123 1
11 123 2
15 123 4
17 123 1
21 123 1
26 123 1
27 123 1
36 123 1
58 123 1
61 123 2
88 123 1
112 123 1
123 123 2
9 124 2
11 124 1
14 124 1
32 124 1
36 124 1
45 124 1
73 124 1
83 124 1
86 124 1
88 124 1
124 124 3
117 125 1
123 125 2
128 126 1
127 127 1
113 128 1
131 129 1
94 130 2
48 131 1
105 132 1
110 132 1
119 132 1
125 133 1
7 134 1
9 134 3
19 134 1
38 134 1
39 134 1
43 134 2
45 134 1
47 134 3
51 134 1
54 134 4
81 134 4
84 134 1
96 134 5
101 134 1
103 134 2
108 134 12
111 134 3
113 134 6
132 134 1
9 135 1
15 135 1
45 135 1
47 135 1
54 135 1
81 135 1
108 135 1
133 135 2
