1 1 6
3 1 2
10 1 1
13 1 12
17 1 2
18 1 1
28 1 2
43 1 2
47 1 1
49 1 3
54 1 1
55 1 2
63 1 1
72 1 1
73 1 1
78 1 10
85 1 1
86 1 1
87 1 5
88 1 2
89 1 6
102 1 1
105 1 1
110 1 4
111 1 6
115 1 1
119 1 1
120 1 3
125 1 1
135 1 1
2 2 7
4 2 1
6 2 1
10 2 3
11 2 1
17 2 2
21 2 1
25 2 1
26 2 2
27 2 1
28 2 1
30 2 2
32 2 1
33 2 2
34 2 2
38 2 1
40 2 1
58 2 1
61 2 7
63 2 1
68 2 2
78 2 1
83 2 1
106 2 1
113 2 2
116 2 1
131 2 1
1 3 2
3 3 2
6 3 5
9 3 2
10 3 2
11 3 13
15 3 3
16 3 3
18 3 4
19 3 2
20 3 1
21 3 3
23 3 3
25 3 1
26 3 7
27 3 1
28 3 1
31 3 1
32 3 1
36 3 3
37 3 1
38 3 1
40 3 1
42 3 1
43 3 1
44 3 1
45 3 2
51 3 3
54 3 6
55 3 1
59 3 1
62 3 6
63 3 1
67 3 6
68 3 1
69 3 3
70 3 1
71 3 2
73 3 1
85 3 1
89 3 1
90 3 1
91 3 3
98 3 1
109 3 1
112 3 5
113 3 7
114 3 1
125 3 3
142 3 6
2 4 19
3 4 5
4 4 3
9 4 1
10 4 7
11 4 4
12 4 4
13 4 3
15 4 2
16 4 5
17 4 2
18 4 2
19 4 5
26 4 1
27 4 1
28 4 3
30 4 3
34 4 2
38 4 3
39 4 1
40 4 2
42 4 1
43 4 1
54 4 8
55 4 2
66 4 1
67 4 4
78 4 1
84 4 16
87 4 1
104 4 1
107 4 1
108 4 2
110 4 3
116 4 1
125 4 1
142 4 1
5 5 2
13 5 2
27 5 1
56 5 1
105 5 1
140 5 1
3 6 12
6 6 2
12 6 1
14 6 1
16 6 2
18 6 1
22 6 1
27 6 1
28 6 1
36 6 1
37 6 1
40 6 2
43 6 6
47 6 2
48 6 2
54 6 1
55 6 1
56 6 2
78 6 1
85 6 1
86 6 1
89 6 1
95 6 1
101 6 1
104 6 1
111 6 2
117 6 1
7 7 4
8 7 2
9 7 2
11 7 1
14 7 4
15 7 1
17 7 1
18 7 2
26 7 1
39 7 1
45 7 6
63 7 1
90 7 4
102 7 2
110 7 4
127 7 2
129 7 2
142 7 2
1 8 1
2 8 1
6 8 2
8 8 1
9 8 18
10 8 1
12 8 1
15 8 2
16 8 1
18 8 1
36 8 4
38 8 1
39 8 4
43 8 8
45 8 7
49 8 1
51 8 1
54 8 1
58 8 1
69 8 1
85 8 1
95 8 1
97 8 3
98 8 2
102 8 1
103 8 1
104 8 1
106 8 1
110 8 2
125 8 2
130 8 2
142 8 1
143 8 1
1 9 3
2 9 5
3 9 19
4 9 3
5 9 3
6 9 8
8 9 9
9 9 4
10 9 30
11 9 3
14 9 9
15 9 2
16 9 6
17 9 2
18 9 4
19 9 2
20 9 6
21 9 1
25 9 1
26 9 1
28 9 1
30 9 2
31 9 1
35 9 1
36 9 4
37 9 1
38 9 4
39 9 6
40 9 1
41 9 2
42 9 2
45 9 12
51 9 57
54 9 5
57 9 2
59 9 9
61 9 1
67 9 1
68 9 1
69 9 1
75 9 1
76 9 3
84 9 1
85 9 2
87 9 1
89 9 3
90 9 3
91 9 4
93 9 4
95 9 8
97 9 2
102 9 1
103 9 1
104 9 2
106 9 17
107 9 8
108 9 1
109 9 3
110 9 4
111 9 9
112 9 1
113 9 3
121 9 1
124 9 1
125 9 7
142 9 2
143 9 5
1 10 1
4 10 3
10 10 9
11 10 2
13 10 1
16 10 3
18 10 2
21 10 5
24 10 1
25 10 1
26 10 2
30 10 3
31 10 1
34 10 1
35 10 4
40 10 3
42 10 2
57 10 3
58 10 1
62 10 6
63 10 3
69 10 1
94 10 1
97 10 1
104 10 1
106 10 1
110 10 2
112 10 1
113 10 4
114 10 1
2 11 1
8 11 1
10 11 1
11 11 11
13 11 4
15 11 6
17 11 3
20 11 1
21 11 1
23 11 2
24 11 1
25 11 24
26 11 2
27 11 2
30 11 17
33 11 3
34 11 1
35 11 1
36 11 1
38 11 1
40 11 1
42 11 3
45 11 1
60 11 2
63 11 1
65 11 5
68 11 18
69 11 7
70 11 4
71 11 3
96 11 1
113 11 4
116 11 1
122 11 7
125 11 1
2 12 1
4 12 3
5 12 2
6 12 1
9 12 1
10 12 1
11 12 2
12 12 4
14 12 1
18 12 1
21 12 1
26 12 1
27 12 3
28 12 1
30 12 1
31 12 1
34 12 7
64 12 1
83 12 2
90 12 2
92 12 3
98 12 1
113 12 6
116 12 1
124 12 1
125 12 5
142 12 1
13 13 3
18 13 1
20 13 1
21 13 1
27 13 1
28 13 1
30 13 5
40 13 1
64 13 2
69 13 2
76 13 1
81 13 1
94 13 1
98 13 2
121 13 1
122 13 1
1 14 3
3 14 1
4 14 3
6 14 2
7 14 1
8 14 4
9 14 12
10 14 5
13 14 13
14 14 8
15 14 2
16 14 2
18 14 1
20 14 10
21 14 4
22 14 1
23 14 1
27 14 2
28 14 2
31 14 4
36 14 2
37 14 3
38 14 1
39 14 1
45 14 1
51 14 1
59 14 8
60 14 1
63 14 1
67 14 1
69 14 5
70 14 5
85 14 3
90 14 2
91 14 1
97 14 1
107 14 1
110 14 1
111 14 1
113 14 3
114 14 2
120 14 1
122 14 2
124 14 1
125 14 2
135 14 2
142 14 1
2 15 1
3 15 8
4 15 3
10 15 12
11 15 5
14 15 1
15 15 5
16 15 1
17 15 1
18 15 11
20 15 4
21 15 3
23 15 4
24 15 1
26 15 1
27 15 1
29 15 1
30 15 2
31 15 1
32 15 1
33 15 1
35 15 1
38 15 1
42 15 1
43 15 7
52 15 2
62 15 1
63 15 3
67 15 1
68 15 1
69 15 1
70 15 2
71 15 1
75 15 1
77 15 1
91 15 2
92 15 1
93 15 2
97 15 1
103 15 1
112 15 3
113 15 2
119 15 1
121 15 1
130 15 1
138 15 1
142 15 1
144 15 3
145 15 2
4 16 4
11 16 1
13 16 1
16 16 13
17 16 1
18 16 1
23 16 4
24 16 1
25 16 3
27 16 1
28 16 2
29 16 2
30 16 3
33 16 1
34 16 2
40 16 2
43 16 2
56 16 1
58 16 1
62 16 8
63 16 1
64 16 1
67 16 2
68 16 11
71 16 1
84 16 1
85 16 1
88 16 1
90 16 2
94 16 1
97 16 1
100 16 1
105 16 1
106 16 1
110 16 1
112 16 9
113 16 10
122 16 7
135 16 1
3 17 1
6 17 1
13 17 1
15 17 1
16 17 1
26 17 2
27 17 2
28 17 2
31 17 1
34 17 1
41 17 1
42 17 1
55 17 1
62 17 2
67 17 1
83 17 2
96 17 1
98 17 1
124 17 1
142 17 1
144 17 1
1 18 2
4 18 1
6 18 7
8 18 2
10 18 2
11 18 4
12 18 1
16 18 1
20 18 4
26 18 1
39 18 2
42 18 3
59 18 1
62 18 5
75 18 3
76 18 1
85 18 2
97 18 1
110 18 3
111 18 1
112 18 1
113 18 1
114 18 2
142 18 1
4 19 4
6 19 2
9 19 1
10 19 14
16 19 6
17 19 2
18 19 3
21 19 2
27 19 1
28 19 1
43 19 2
50 19 2
59 19 2
62 19 1
102 19 1
104 19 1
107 19 5
142 19 9
2 20 2
3 20 1
5 20 1
7 20 1
8 20 1
9 20 4
11 20 3
14 20 3
16 20 2
18 20 1
20 20 24
24 20 5
25 20 4
26 20 1
27 20 1
28 20 3
29 20 3
30 20 4
31 20 4
33 20 2
34 20 2
38 20 3
41 20 5
42 20 1
45 20 1
51 20 1
58 20 1
59 20 19
60 20 2
61 20 3
62 20 7
64 20 5
66 20 1
67 20 1
68 20 10
69 20 44
70 20 12
71 20 10
73 20 2
76 20 1
84 20 1
85 20 11
90 20 2
97 20 2
101 20 3
112 20 3
113 20 3
116 20 1
119 20 1
122 20 10
142 20 3
143 20 1
1 21 1
2 21 2
3 21 3
9 21 1
10 21 4
12 21 4
13 21 1
14 21 4
15 21 2
17 21 1
18 21 1
19 21 1
21 21 2
24 21 1
25 21 4
26 21 2
36 21 1
38 21 1
39 21 1
40 21 1
42 21 3
45 21 1
51 21 1
55 21 1
58 21 3
63 21 2
68 21 2
69 21 2
71 21 1
73 21 2
85 21 2
86 21 1
91 21 1
98 21 2
108 21 1
110 21 3
111 21 1
112 21 1
114 21 1
115 21 3
116 21 1
125 21 1
142 21 1
143 21 1
6 22 4
8 22 2
11 22 1
13 22 1
14 22 2
15 22 1
16 22 1
20 22 3
22 22 4
23 22 3
26 22 1
27 22 1
30 22 1
34 22 1
43 22 1
55 22 2
56 22 1
58 22 1
59 22 2
62 22 1
65 22 1
68 22 8
69 22 5
70 22 13
71 22 2
73 22 1
90 22 1
112 22 2
113 22 6
116 22 6
122 22 3
2 23 7
8 23 1
10 23 1
11 23 7
12 23 2
13 23 6
15 23 3
16 23 10
17 23 1
18 23 2
23 23 4
24 23 6
25 23 1
26 23 17
27 23 19
28 23 14
30 23 1
33 23 10
34 23 20
36 23 1
38 23 2
39 23 1
41 23 4
42 23 30
43 23 33
55 23 2
58 23 2
59 23 3
61 23 2
63 23 3
64 23 3
65 23 1
66 23 2
67 23 1
68 23 2
69 23 8
70 23 2
71 23 1
73 23 2
76 23 1
84 23 2
92 23 1
98 23 1
101 23 1
103 23 1
112 23 9
113 23 2
116 23 38
122 23 2
124 23 1
4 24 1
6 24 1
8 24 1
10 24 2
11 24 16
12 24 4
13 24 1
14 24 1
15 24 3
16 24 2
17 24 1
22 24 1
23 24 1
24 24 6
25 24 2
26 24 9
27 24 3
28 24 1
29 24 1
30 24 2
32 24 1
33 24 1
35 24 4
40 24 2
42 24 8
45 24 1
47 24 1
56 24 1
59 24 2
61 24 4
62 24 1
64 24 1
65 24 1
67 24 1
68 24 15
69 24 10
70 24 6
71 24 3
83 24 3
85 24 9
92 24 1
110 24 1
112 24 13
116 24 8
122 24 3
144 24 1
2 25 3
3 25 1
6 25 3
9 25 2
10 25 2
11 25 5
12 25 2
13 25 2
16 25 1
20 25 5
21 25 2
25 25 27
27 25 2
29 25 2
30 25 2
31 25 2
40 25 2
41 25 5
42 25 1
51 25 1
59 25 6
64 25 2
65 25 3
68 25 5
69 25 16
70 25 8
71 25 16
92 25 1
98 25 13
108 25 1
112 25 2
116 25 4
121 25 1
122 25 20
125 25 1
1 26 2
4 26 1
6 26 4
8 26 1
10 26 20
11 26 1
12 26 4
15 26 2
17 26 3
20 26 4
21 26 1
23 26 1
24 26 1
25 26 2
26 26 8
27 26 1
28 26 1
29 26 1
33 26 3
34 26 5
40 26 2
41 26 2
42 26 6
43 26 1
44 26 2
45 26 1
55 26 1
58 26 2
59 26 1
62 26 1
63 26 2
65 26 2
67 26 2
69 26 1
85 26 2
90 26 2
91 26 2
97 26 1
98 26 1
103 26 2
112 26 12
113 26 16
122 26 6
124 26 1
144 26 1
3 27 1
6 27 1
10 27 6
11 27 6
12 27 2
13 27 1
14 27 1
15 27 2
16 27 18
17 27 2
20 27 1
21 27 3
23 27 3
25 27 3
27 27 12
28 27 6
30 27 2
33 27 5
35 27 2
38 27 1
40 27 1
42 27 2
43 27 7
58 27 2
62 27 6
63 27 1
65 27 1
66 27 1
67 27 1
70 27 2
73 27 1
75 27 1
85 27 1
92 27 1
100 27 3
110 27 1
111 27 1
112 27 1
113 27 2
122 27 1
123 27 1
142 27 1
146 27 1
3 28 5
4 28 2
10 28 2
11 28 2
12 28 2
13 28 1
15 28 1
16 28 7
20 28 1
23 28 4
28 28 5
31 28 2
34 28 2
35 28 1
38 28 1
40 28 2
42 28 3
55 28 1
58 28 1
60 28 1
61 28 1
62 28 1
63 28 1
65 28 1
66 28 1
67 28 2
69 28 4
70 28 1
75 28 1
101 28 1
103 28 1
106 28 1
122 28 5
2 29 1
3 29 1
6 29 18
10 29 4
12 29 5
13 29 8
15 29 2
16 29 7
18 29 1
20 29 1
21 29 1
23 29 3
24 29 5
26 29 10
27 29 1
29 29 2
30 29 10
34 29 1
35 29 1
36 29 1
40 29 1
42 29 3
43 29 1
59 29 1
62 29 4
65 29 2
66 29 6
67 29 1
69 29 2
73 29 1
85 29 2
91 29 1
92 29 1
112 29 1
113 29 1
2 30 8
4 30 1
10 30 2
11 30 21
13 30 3
15 30 1
16 30 1
17 30 1
18 30 1
23 30 1
24 30 3
27 30 7
29 30 1
30 30 6
32 30 1
33 30 1
35 30 2
42 30 5
52 30 2
56 30 8
58 30 1
59 30 3
60 30 2
61 30 1
62 30 1
63 30 1
66 30 2
68 30 9
69 30 8
70 30 1
71 30 4
73 30 42
83 30 1
97 30 2
98 30 3
112 30 1
113 30 1
115 30 1
116 30 11
122 30 5
144 30 2
145 30 1
4 31 1
7 31 1
9 31 10
10 31 1
12 31 1
13 31 1
15 31 5
16 31 2
17 31 3
20 31 1
22 31 1
26 31 21
28 31 11
31 31 3
32 31 1
35 31 4
36 31 4
39 31 1
42 31 3
43 31 1
52 31 1
55 31 5
58 31 1
59 31 1
63 31 1
70 31 1
78 31 1
85 31 11
97 31 3
101 31 2
103 31 1
104 31 2
110 31 1
112 31 2
113 31 5
117 31 1
118 31 3
121 31 1
141 31 1
2 32 2
3 32 1
11 32 5
15 32 1
21 32 1
23 32 1
26 32 3
30 32 1
32 32 9
38 32 1
41 32 2
42 32 3
44 32 2
45 32 1
47 32 1
51 32 4
52 32 4
55 32 1
58 32 1
59 32 1
63 32 1
64 32 1
70 32 2
71 32 2
75 32 2
90 32 1
98 32 1
109 32 4
112 32 3
113 32 2
116 32 1
123 32 1
125 32 1
143 32 1
6 33 1
10 33 2
15 33 1
16 33 2
23 33 2
26 33 8
27 33 2
28 33 2
34 33 5
40 33 4
42 33 8
54 33 1
63 33 3
64 33 1
65 33 1
66 33 2
67 33 3
70 33 2
94 33 1
2 34 1
3 34 2
10 34 3
12 34 3
15 34 3
16 34 3
21 34 1
23 34 2
25 34 1
26 34 14
28 34 1
30 34 3
34 34 3
40 34 1
42 34 1
44 34 1
47 34 1
52 34 2
56 34 1
61 34 1
66 34 1
67 34 1
78 34 1
83 34 1
85 34 1
122 34 1
130 34 1
9 35 1
11 35 2
15 35 4
19 35 2
25 35 4
27 35 1
28 35 2
31 35 1
35 35 6
36 35 2
42 35 1
51 35 2
55 35 2
73 35 1
83 35 1
87 35 1
91 35 1
92 35 4
106 35 1
112 35 1
116 35 2
124 35 1
125 35 1
126 35 1
2 36 2
8 36 1
9 36 1
10 36 1
11 36 1
12 36 2
13 36 5
15 36 1
19 36 2
22 36 1
23 36 1
27 36 3
31 36 1
32 36 1
33 36 1
36 36 6
38 36 5
39 36 2
40 36 3
43 36 1
47 36 1
50 36 1
51 36 9
54 36 1
59 36 1
62 36 1
78 36 8
84 36 3
85 36 1
91 36 2
97 36 4
98 36 2
104 36 1
107 36 3
109 36 2
110 36 3
112 36 2
114 36 2
116 36 4
120 36 1
124 36 2
142 36 2
143 36 3
2 37 1
3 37 1
6 37 1
9 37 2
10 37 2
11 37 1
14 37 3
23 37 1
27 37 1
37 37 6
41 37 1
43 37 1
51 37 4
54 37 1
62 37 2
84 37 1
91 37 2
97 37 3
111 37 1
115 37 1
116 37 1
124 37 1
142 37 1
143 37 2
1 38 2
6 38 4
7 38 4
8 38 1
9 38 1
10 38 1
12 38 1
13 38 2
14 38 4
15 38 2
16 38 1
17 38 1
21 38 1
23 38 1
36 38 3
38 38 8
42 38 2
45 38 1
47 38 1
54 38 1
56 38 1
57 38 2
59 38 2
60 38 1
63 38 1
67 38 2
78 38 1
88 38 2
90 38 1
98 38 3
103 38 1
109 38 2
113 38 1
114 38 4
118 38 1
124 38 1
142 38 2
143 38 2
1 39 1
2 39 1
4 39 2
7 39 3
9 39 2
10 39 5
15 39 2
17 39 2
20 39 2
21 39 1
25 39 1
27 39 3
30 39 1
31 39 2
33 39 1
36 39 1
39 39 5
42 39 1
45 39 3
47 39 1
51 39 4
55 39 1
59 39 2
68 39 2
69 39 3
70 39 1
71 39 1
73 39 3
78 39 3
84 39 1
85 39 1
91 39 1
98 39 1
106 39 4
114 39 2
142 39 2
4 40 4
6 40 3
20 40 1
33 40 1
40 40 4
42 40 1
51 40 1
52 40 1
59 40 1
70 40 2
73 40 1
88 40 3
90 40 1
95 40 2
98 40 3
120 40 1
124 40 2
142 40 1
3 41 1
5 41 5
9 41 1
10 41 4
12 41 1
14 41 2
15 41 2
16 41 5
23 41 13
24 41 6
26 41 3
28 41 1
30 41 4
31 41 1
34 41 1
35 41 2
36 41 5
37 41 4
39 41 2
41 41 8
42 41 3
45 41 2
51 41 17
55 41 1
59 41 4
61 41 1
62 41 1
63 41 6
65 41 2
69 41 2
70 41 3
83 41 1
85 41 1
88 41 1
90 41 5
91 41 1
96 41 2
97 41 1
112 41 27
116 41 3
119 41 1
122 41 1
124 41 6
142 41 36
2 42 2
4 42 2
6 42 1
10 42 2
11 42 15
13 42 1
15 42 1
16 42 2
17 42 1
18 42 1
23 42 2
24 42 1
26 42 2
27 42 2
28 42 1
30 42 1
33 42 1
34 42 1
35 42 1
36 42 1
39 42 1
40 42 1
42 42 9
43 42 2
46 42 12
52 42 1
55 42 1
61 42 6
62 42 10
66 42 1
70 42 1
73 42 2
86 42 1
88 42 2
89 42 1
94 42 1
98 42 1
106 42 1
112 42 4
113 42 3
116 42 3
119 42 1
142 42 1
1 43 1
3 43 1
4 43 2
6 43 2
9 43 1
10 43 1
11 43 1
13 43 1
14 43 1
15 43 3
17 43 1
21 43 2
24 43 1
31 43 1
32 43 1
36 43 3
38 43 1
42 43 1
43 43 7
49 43 1
50 43 6
55 43 1
57 43 1
90 43 1
97 43 1
105 43 1
107 43 1
112 43 3
114 43 1
124 43 4
142 43 1
2 44 2
6 44 3
10 44 7
11 44 2
13 44 1
15 44 6
20 44 1
26 44 2
27 44 1
33 44 2
35 44 1
37 44 1
44 44 2
45 44 1
52 44 1
53 44 2
54 44 2
55 44 1
56 44 1
59 44 2
63 44 2
70 44 1
80 44 1
83 44 1
91 44 2
94 44 2
95 44 2
97 44 1
98 44 2
113 44 1
115 44 1
142 44 2
1 45 1
2 45 3
6 45 3
7 45 3
8 45 8
9 45 6
10 45 3
11 45 2
12 45 1
14 45 1
15 45 3
16 45 2
20 45 2
25 45 1
27 45 4
28 45 1
29 45 1
31 45 1
36 45 1
37 45 1
39 45 2
42 45 1
43 45 2
44 45 3
45 45 14
46 45 2
52 45 2
53 45 3
56 45 7
57 45 4
63 45 1
64 45 1
69 45 1
75 45 2
77 45 3
79 45 2
83 45 1
84 45 2
88 45 1
93 45 4
94 45 1
95 45 1
96 45 12
98 45 2
101 45 3
102 45 4
103 45 1
104 45 1
105 45 1
109 45 5
110 45 4
111 45 1
113 45 1
114 45 1
115 45 2
116 45 1
118 45 2
120 45 2
121 45 1
123 45 4
124 45 1
142 45 2
143 45 3
6 46 1
26 46 3
46 46 1
99 46 1
105 46 1
108 46 1
1 47 1
6 47 4
15 47 1
42 47 1
45 47 1
51 47 1
52 47 1
54 47 1
67 47 1
73 47 2
76 47 1
89 47 1
93 47 1
94 47 1
100 47 1
110 47 3
123 47 1
125 47 1
126 47 1
6 48 1
13 48 1
18 48 1
48 48 1
56 48 1
78 48 5
88 48 1
103 48 1
107 48 1
108 48 1
111 48 2
123 48 1
1 49 1
21 49 1
49 49 3
50 49 1
56 49 3
77 49 1
78 49 5
100 49 1
104 49 1
121 49 1
123 49 3
14 50 1
48 50 1
49 50 1
50 50 1
89 50 2
108 50 2
123 50 1
1 51 3
3 51 6
6 51 2
8 51 2
9 51 7
10 51 1
18 51 22
27 51 1
36 51 2
38 51 1
39 51 4
47 51 1
51 51 4
59 51 1
63 51 6
67 51 1
73 51 2
84 51 1
86 51 7
95 51 1
106 51 1
107 51 2
111 51 2
115 51 1
124 51 6
142 51 4
4 52 2
6 52 5
10 52 2
12 52 1
13 52 1
17 52 1
26 52 2
28 52 16
30 52 2
34 52 1
36 52 3
38 52 2
44 52 3
45 52 1
46 52 1
48 52 1
52 52 4
57 52 4
59 52 1
63 52 33
65 52 1
67 52 1
70 52 1
76 52 1
85 52 1
93 52 1
96 52 3
98 52 1
101 52 2
103 52 1
106 52 1
107 52 3
112 52 1
116 52 1
118 52 1
5 53 1
8 53 1
9 53 1
33 53 1
44 53 3
53 53 1
85 53 1
94 53 5
98 53 1
101 53 2
103 53 1
109 53 1
111 53 2
118 53 4
125 53 1
142 53 1
3 54 1
4 54 5
5 54 1
6 54 2
10 54 5
11 54 1
12 54 1
15 54 1
18 54 5
21 54 3
26 54 3
27 54 3
28 54 3
30 54 1
36 54 8
38 54 1
42 54 2
54 54 5
63 54 1
66 54 1
67 54 1
75 54 1
84 54 1
85 54 1
90 54 1
97 54 1
101 54 3
110 54 1
112 54 1
113 54 2
1 55 1
2 55 1
3 55 1
4 55 3
6 55 2
10 55 9
11 55 6
15 55 1
16 55 1
21 55 1
22 55 1
24 55 1
27 55 1
28 55 10
41 55 1
42 55 1
55 55 1
63 55 1
66 55 1
81 55 1
83 55 1
85 55 2
113 55 1
124 55 1
5 56 3
6 56 1
10 56 2
36 56 1
43 56 1
50 56 1
55 56 1
56 56 2
57 56 1
87 56 1
89 56 1
90 56 1
106 56 1
114 56 1
121 56 1
123 56 1
4 57 1
7 57 1
9 57 1
10 57 15
16 57 1
17 57 1
18 57 1
40 57 1
43 57 1
45 57 4
47 57 12
54 57 2
55 57 2
56 57 1
57 57 1
60 57 1
72 57 1
73 57 1
75 57 1
77 57 1
94 57 1
110 57 2
4 58 11
6 58 3
8 58 1
10 58 13
11 58 3
12 58 2
14 58 1
15 58 8
16 58 2
17 58 7
18 58 1
21 58 1
23 58 1
26 58 3
28 58 9
33 58 1
37 58 1
40 58 2
42 58 3
44 58 2
57 58 1
58 58 1
59 58 1
62 58 2
66 58 1
70 58 6
82 58 1
83 58 2
84 58 1
85 58 28
89 58 1
104 58 1
112 58 2
113 58 1
114 58 1
116 58 1
125 58 1
1 59 3
3 59 1
4 59 1
6 59 2
7 59 1
9 59 4
14 59 3
15 59 2
16 59 3
20 59 10
21 59 1
22 59 1
25 59 2
26 59 11
27 59 4
28 59 2
29 59 1
30 59 5
31 59 3
32 59 1
34 59 1
36 59 8
37 59 4
38 59 1
39 59 8
40 59 2
41 59 1
42 59 2
43 59 6
45 59 5
49 59 1
51 59 9
58 59 3
59 59 25
60 59 1
61 59 2
62 59 3
64 59 10
65 59 4
68 59 1
69 59 18
70 59 9
71 59 5
73 59 1
77 59 1
93 59 1
95 59 1
97 59 1
101 59 2
102 59 2
105 59 1
107 59 4
109 59 1
110 59 3
111 59 1
112 59 1
113 59 1
115 59 1
120 59 1
125 59 7
129 59 1
135 59 2
143 59 1
3 60 4
12 60 1
13 60 1
16 60 3
20 60 2
23 60 2
26 60 1
28 60 3
30 60 2
31 60 3
32 60 1
36 60 1
38 60 1
39 60 1
43 60 1
48 60 1
60 60 7
64 60 1
69 60 3
70 60 4
71 60 1
98 60 1
101 60 1
2 61 3
10 61 1
13 61 1
15 61 1
16 61 8
24 61 7
26 61 17
27 61 1
28 61 4
30 61 3
42 61 5
61 61 3
63 61 2
83 61 1
112 61 1
1 62 1
2 62 28
4 62 2
10 62 8
11 62 1
12 62 3
15 62 4
16 62 14
17 62 2
21 62 1
25 62 1
26 62 31
27 62 1
28 62 2
30 62 1
34 62 2
36 62 1
37 62 1
42 62 2
43 62 1
54 62 1
62 62 2
66 62 1
67 62 3
83 62 1
85 62 1
90 62 1
98 62 15
100 62 1
113 62 1
140 62 1
2 63 1
4 63 9
6 63 1
10 63 2
12 63 1
13 63 2
15 63 2
16 63 1
17 63 1
18 63 2
20 63 1
21 63 2
22 63 1
26 63 7
27 63 4
34 63 2
37 63 2
38 63 6
42 63 13
49 63 1
52 63 1
53 63 1
63 63 3
66 63 1
67 63 1
68 63 2
70 63 1
90 63 1
94 63 3
96 63 2
98 63 2
112 63 2
119 63 1
121 63 1
6 64 7
8 64 1
10 64 3
11 64 13
12 64 2
13 64 3
15 64 2
16 64 4
18 64 2
24 64 2
26 64 8
27 64 2
28 64 6
34 64 2
35 64 1
36 64 1
45 64 1
46 64 1
47 64 1
51 64 2
59 64 1
63 64 1
64 64 4
65 64 2
68 64 7
69 64 1
70 64 1
71 64 3
84 64 21
110 64 1
116 64 2
122 64 3
11 65 6
12 65 1
13 65 1
15 65 1
22 65 2
23 65 2
24 65 1
25 65 1
26 65 2
27 65 2
32 65 1
35 65 4
42 65 3
59 65 1
61 65 1
63 65 1
65 65 5
66 65 3
68 65 3
69 65 8
70 65 1
71 65 1
83 65 2
84 65 1
85 65 2
97 65 1
112 65 3
113 65 1
116 65 2
122 65 2
2 66 1
15 66 1
18 66 7
23 66 1
26 66 3
27 66 2
28 66 2
33 66 1
34 66 8
42 66 5
45 66 1
58 66 2
63 66 1
64 66 2
66 66 2
68 66 6
69 66 3
70 66 1
112 66 3
122 66 1
4 67 2
10 67 1
11 67 1
13 67 1
16 67 2
25 67 1
27 67 1
28 67 1
33 67 1
34 67 1
35 67 2
60 67 1
61 67 1
62 67 3
67 67 5
97 67 1
112 67 3
113 67 5
116 67 1
119 67 1
11 68 1
64 68 1
65 68 1
68 68 13
70 68 2
71 68 10
105 68 1
122 68 6
4 69 1
11 69 3
13 69 2
14 69 2
20 69 11
22 69 2
24 69 4
25 69 1
26 69 1
30 69 2
32 69 1
33 69 1
59 69 7
60 69 4
64 69 1
65 69 4
68 69 11
69 69 35
70 69 7
71 69 80
105 69 1
113 69 2
116 69 2
122 69 34
11 70 13
12 70 2
20 70 6
22 70 1
27 70 2
31 70 2
33 70 1
41 70 7
45 70 2
59 70 5
63 70 1
64 70 1
65 70 3
67 70 2
68 70 7
69 70 12
70 70 32
71 70 22
90 70 1
91 70 1
98 70 1
99 70 1
112 70 1
116 70 1
120 70 1
122 70 11
124 70 1
125 70 2
11 71 5
15 71 1
16 71 2
17 71 1
20 71 1
21 71 1
24 71 2
25 71 24
27 71 2
31 71 1
32 71 2
34 71 1
39 71 1
43 71 1
59 71 14
60 71 1
65 71 1
66 71 1
67 71 1
68 71 3
69 71 4
70 71 14
71 71 32
98 71 3
116 71 1
122 71 37
85 72 2
89 72 1
99 72 1
121 72 1
123 72 1
1 73 1
2 73 1
6 73 3
13 73 1
16 73 1
36 73 1
37 73 1
38 73 2
47 73 3
73 73 2
98 73 1
103 73 1
115 73 4
125 73 1
9 74 1
10 74 2
35 74 1
42 74 1
74 74 1
76 74 1
1 75 1
2 75 1
4 75 1
6 75 6
9 75 1
10 75 5
15 75 1
16 75 1
24 75 1
26 75 1
27 75 1
53 75 1
63 75 2
67 75 2
75 75 3
76 75 1
85 75 1
96 75 1
103 75 2
106 75 1
108 75 1
114 75 1
118 75 1
119 75 1
1 76 4
6 76 2
13 76 5
15 76 1
16 76 3
18 76 1
27 76 1
28 76 3
35 76 2
44 76 1
45 76 2
47 76 1
48 76 1
52 76 1
57 76 2
72 76 3
76 76 3
77 76 1
79 76 1
92 76 4
94 76 1
104 76 1
123 76 1
6 77 1
25 77 1
45 77 2
46 77 2
49 77 2
72 77 1
1 78 3
3 78 1
6 78 1
43 78 1
46 78 1
75 78 1
76 78 1
78 78 3
89 78 1
112 78 1
113 78 1
119 78 1
144 78 1
1 79 3
8 79 1
46 79 1
79 79 1
85 79 1
101 79 2
103 79 1
117 79 2
121 79 1
142 79 1
46 80 2
48 80 1
99 80 1
1 81 1
15 81 1
46 81 5
49 81 1
67 81 1
111 81 1
143 81 1
36 82 5
37 82 1
39 82 3
73 82 1
107 82 1
111 82 1
142 82 1
2 83 1
10 83 1
11 83 2
24 83 1
34 83 7
40 83 2
61 83 1
83 83 1
93 83 2
112 83 2
122 83 2
142 83 1
1 84 1
2 84 1
4 84 1
12 84 1
13 84 20
14 84 1
21 84 1
24 84 1
26 84 1
27 84 1
28 84 1
29 84 1
38 84 1
43 84 1
89 84 1
103 84 1
110 84 1
113 84 1
2 85 3
10 85 2
13 85 1
17 85 2
20 85 1
30 85 1
34 85 1
38 85 1
42 85 1
43 85 1
55 85 1
58 85 1
69 85 1
85 85 5
98 85 2
106 85 1
114 85 1
116 85 1
124 85 2
1 86 2
6 86 3
39 86 1
50 86 1
85 86 5
89 86 1
111 86 1
1 87 14
5 87 1
9 87 1
13 87 1
14 87 1
21 87 1
36 87 1
38 87 2
50 87 2
55 87 1
72 87 1
87 87 1
89 87 2
123 87 1
1 88 11
3 88 1
5 88 2
9 88 1
48 88 1
50 88 1
86 88 1
88 88 2
105 88 2
111 88 1
115 88 2
119 88 1
125 88 1
144 88 1
1 89 2
4 89 1
5 89 1
10 89 3
15 89 2
16 89 1
26 89 1
48 89 2
50 89 4
67 89 7
72 89 9
83 89 30
89 89 3
105 89 1
107 89 1
108 89 1
121 89 1
130 89 1
140 89 1
2 90 1
4 90 3
7 90 2
8 90 5
10 90 2
14 90 1
15 90 1
20 90 2
31 90 1
32 90 1
37 90 2
41 90 1
42 90 1
45 90 3
53 90 1
59 90 1
69 90 7
70 90 2
78 90 2
82 90 2
85 90 3
90 90 2
91 90 1
95 90 1
97 90 3
102 90 1
113 90 2
122 90 2
125 90 1
142 90 2
3 91 2
7 91 1
9 91 2
10 91 5
11 91 1
13 91 4
15 91 1
17 91 2
20 91 4
22 91 2
23 91 1
25 91 1
26 91 1
31 91 4
36 91 2
37 91 3
40 91 1
41 91 2
42 91 3
43 91 1
54 91 1
55 91 1
58 91 4
59 91 1
64 91 3
70 91 1
73 91 1
76 91 1
83 91 1
85 91 48
91 91 3
92 91 2
98 91 1
100 91 1
101 91 1
108 91 1
114 91 1
116 91 1
10 92 11
12 92 1
15 92 1
25 92 3
26 92 1
31 92 1
42 92 1
45 92 1
57 92 1
62 92 6
85 92 2
116 92 2
2 93 1
3 93 1
8 93 2
16 93 1
19 93 8
26 93 3
28 93 1
35 93 1
42 93 1
45 93 2
48 93 1
50 93 1
57 93 1
59 93 2
63 93 5
65 93 1
67 93 2
76 93 1
78 93 1
84 93 1
85 93 1
93 93 3
99 93 2
103 93 2
105 93 1
113 93 2
142 93 1
1 94 3
10 94 4
16 94 1
17 94 1
19 94 18
28 94 1
35 94 4
40 94 3
45 94 1
48 94 2
56 94 1
57 94 11
62 94 2
63 94 1
64 94 1
65 94 7
94 94 1
102 94 1
103 94 1
108 94 1
121 94 2
7 95 2
8 95 1
9 95 4
14 95 3
21 95 1
28 95 2
45 95 3
50 95 2
59 95 1
90 95 1
95 95 2
101 95 1
102 95 1
125 95 3
136 95 2
142 95 2
8 96 3
26 96 1
29 96 1
33 96 5
45 96 1
93 96 2
95 96 2
96 96 2
100 96 2
101 96 1
102 96 2
112 96 1
142 96 1
143 96 1
1 97 4
4 97 1
6 97 3
7 97 1
8 97 1
10 97 3
14 97 4
15 97 1
16 97 2
17 97 1
18 97 1
20 97 2
21 97 4
34 97 1
36 97 4
38 97 2
41 97 3
44 97 1
51 97 1
54 97 4
55 97 1
57 97 1
58 97 2
59 97 1
62 97 2
67 97 1
69 97 3
75 97 1
84 97 1
85 97 1
90 97 2
97 97 3
98 97 1
107 97 1
110 97 1
112 97 2
113 97 5
124 97 1
125 97 1
142 97 1
143 97 1
7 98 1
9 98 1
10 98 2
11 98 1
12 98 1
14 98 3
16 98 1
17 98 1
18 98 1
22 98 1
25 98 2
29 98 1
30 98 1
34 98 1
37 98 2
56 98 1
57 98 1
78 98 1
98 98 4
109 98 1
116 98 2
124 98 1
145 98 1
9 99 1
48 99 6
49 99 1
52 99 1
72 99 4
79 99 2
92 99 1
99 99 1
143 99 1
1 100 4
9 100 1
10 100 1
15 100 2
29 100 1
30 100 1
40 100 1
45 100 2
47 100 1
50 100 1
52 100 1
76 100 1
78 100 1
85 100 1
96 100 1
98 100 10
100 100 2
142 100 2
2 101 1
6 101 1
7 101 1
8 101 2
9 101 7
10 101 1
12 101 1
13 101 1
15 101 1
18 101 1
20 101 2
34 101 2
35 101 1
41 101 1
42 101 1
44 101 1
45 101 8
52 101 1
53 101 4
63 101 2
67 101 1
75 101 1
76 101 1
85 101 4
90 101 1
101 101 9
102 101 5
103 101 2
110 101 1
112 101 1
113 101 1
125 101 3
143 101 5
6 102 2
9 102 1
15 102 2
32 102 2
45 102 4
51 102 1
53 102 2
62 102 2
63 102 2
83 102 1
94 102 3
96 102 1
101 102 1
102 102 4
6 103 2
9 103 1
17 103 1
20 103 2
28 103 13
31 103 1
44 103 1
46 103 1
49 103 1
57 103 1
63 103 2
76 103 2
82 103 1
84 103 1
92 103 1
94 103 12
103 103 3
108 103 1
112 103 1
121 103 2
123 103 3
3 104 1
14 104 2
39 104 1
45 104 1
55 104 1
82 104 1
104 104 3
113 104 3
5 105 1
14 105 1
16 105 1
45 105 1
48 105 2
49 105 1
52 105 1
65 105 4
78 105 2
88 105 1
100 105 1
105 105 1
111 105 1
121 105 1
134 105 1
2 106 2
10 106 2
12 106 5
14 106 2
15 106 1
16 106 3
21 106 3
30 106 1
34 106 1
36 106 2
42 106 1
47 106 1
54 106 1
56 106 1
67 106 1
78 106 1
106 106 6
107 106 42
113 106 1
114 106 1
115 106 2
116 106 2
120 106 1
124 106 1
126 106 1
134 106 1
145 106 1
3 107 1
7 107 1
9 107 1
10 107 11
13 107 5
14 107 2
15 107 1
16 107 1
18 107 1
19 107 2
23 107 1
26 107 1
35 107 4
39 107 1
43 107 3
45 107 2
51 107 2
54 107 1
55 107 2
82 107 2
86 107 1
87 107 1
102 107 3
107 107 1
113 107 1
114 107 1
125 107 4
135 107 1
1 108 3
3 108 2
5 108 1
15 108 1
35 108 1
47 108 2
50 108 1
64 108 1
72 108 1
78 108 1
85 108 1
86 108 3
87 108 1
90 108 1
108 108 1
120 108 1
1 109 1
2 109 14
5 109 2
6 109 6
12 109 1
13 109 1
17 109 2
18 109 1
20 109 1
38 109 2
39 109 1
42 109 1
45 109 8
51 109 1
54 109 2
58 109 3
73 109 7
74 109 1
75 109 2
85 109 7
90 109 1
91 109 1
98 109 7
103 109 1
108 109 1
118 109 1
125 109 21
142 109 12
2 110 1
3 110 2
4 110 2
5 110 2
6 110 4
8 110 4
10 110 6
14 110 3
16 110 2
21 110 4
25 110 1
27 110 1
31 110 1
36 110 6
37 110 1
38 110 5
41 110 2
43 110 1
45 110 7
51 110 1
52 110 1
54 110 1
55 110 1
56 110 1
57 110 3
59 110 2
65 110 1
70 110 1
73 110 1
75 110 1
78 110 3
79 110 1
85 110 3
86 110 1
87 110 2
91 110 1
92 110 1
97 110 1
98 110 1
100 110 1
106 110 44
107 110 4
109 110 1
110 110 9
111 110 2
112 110 1
113 110 5
114 110 2
116 110 1
118 110 1
119 110 9
120 110 1
121 110 1
124 110 2
125 110 9
131 110 3
142 110 4
1 111 28
3 111 1
5 111 1
6 111 2
8 111 1
16 111 1
21 111 3
28 111 1
48 111 2
50 111 1
55 111 8
63 111 2
78 111 2
87 111 2
89 111 1
107 111 2
108 111 2
111 111 1
2 112 14
3 112 1
4 112 4
6 112 1
9 112 1
10 112 2
11 112 2
12 112 3
13 112 3
15 112 2
16 112 22
17 112 5
22 112 1
23 112 1
24 112 1
25 112 1
26 112 20
27 112 3
28 112 1
29 112 1
36 112 2
41 112 1
42 112 8
44 112 1
58 112 1
61 112 2
66 112 1
67 112 11
68 112 2
69 112 2
70 112 1
75 112 1
83 112 1
85 112 2
89 112 2
97 112 1
98 112 1
100 112 1
102 112 1
112 112 3
113 112 2
115 112 1
116 112 1
118 112 1
2 113 2
3 113 1
4 113 14
6 113 2
7 113 1
10 113 12
12 113 3
15 113 15
16 113 44
20 113 2
21 113 1
23 113 1
26 113 3
27 113 8
28 113 1
30 113 1
34 113 1
36 113 5
40 113 3
41 113 3
42 113 4
55 113 1
58 113 1
61 113 1
62 113 6
66 113 1
67 113 11
70 113 1
74 113 1
76 113 3
85 113 1
97 113 1
100 113 1
103 113 1
112 113 4
113 113 6
122 113 2
124 113 1
3 114 2
4 114 6
5 114 3
6 114 6
7 114 1
8 114 5
9 114 6
10 114 8
11 114 1
13 114 1
16 114 5
17 114 1
21 114 3
26 114 1
28 114 1
31 114 1
35 114 1
36 114 4
37 114 1
38 114 1
42 114 1
43 114 15
45 114 2
46 114 1
52 114 2
54 114 5
55 114 10
68 114 1
73 114 1
86 114 1
94 114 1
107 114 2
113 114 1
114 114 4
124 114 1
125 114 1
126 114 1
130 114 1
142 114 27
143 114 1
1 115 2
9 115 1
10 115 1
12 115 1
16 115 3
18 115 2
19 115 1
21 115 2
35 115 2
45 115 1
47 115 1
58 115 1
67 115 2
89 115 1
115 115 1
130 115 3
131 115 1
4 116 3
9 116 1
11 116 2
17 116 1
18 116 1
21 116 1
22 116 2
25 116 2
30 116 4
35 116 1
36 116 1
40 116 5
41 116 2
45 116 2
53 116 1
54 116 1
56 116 1
66 116 2
68 116 2
69 116 1
75 116 1
84 116 3
116 116 6
138 116 1
46 117 1
79 117 1
121 117 1
2 118 2
3 118 1
4 118 2
6 118 2
8 118 1
10 118 3
11 118 2
12 118 2
15 118 4
16 118 35
21 118 1
25 118 1
27 118 5
28 118 1
31 118 3
32 118 1
42 118 1
44 118 1
45 118 7
53 118 5
56 118 2
63 118 17
67 118 5
74 118 2
75 118 1
78 118 1
84 118 1
93 118 2
98 118 1
103 118 3
109 118 1
110 118 1
112 118 1
114 118 1
135 118 1
143 118 1
1 119 3
26 119 3
82 119 2
93 119 3
98 119 10
101 119 1
103 119 7
119 119 2
1 120 7
5 120 5
6 120 6
12 120 1
13 120 5
16 120 12
18 120 1
21 120 1
27 120 1
36 120 1
48 120 1
54 120 1
56 120 1
63 120 1
78 120 3
83 120 2
89 120 1
97 120 1
110 120 1
113 120 1
125 120 1
144 120 1
1 121 14
4 121 1
9 121 1
10 121 4
13 121 6
16 121 6
27 121 2
30 121 1
36 121 1
42 121 1
44 121 1
45 121 1
47 121 1
49 121 1
63 121 1
67 121 7
69 121 1
78 121 2
79 121 1
94 121 2
99 121 3
100 121 2
103 121 1
117 121 2
119 121 2
121 121 6
124 121 1
2 122 4
11 122 5
13 122 1
15 122 1
20 122 6
24 122 1
25 122 7
26 122 2
27 122 1
30 122 2
32 122 3
44 122 1
59 122 1
60 122 2
63 122 3
65 122 5
67 122 1
68 122 4
69 122 22
70 122 5
71 122 34
84 122 1
98 122 2
115 122 1
116 122 1
122 122 73
18 123 2
43 123 3
72 123 3
78 123 3
79 123 1
123 123 1
3 124 24
10 124 4
14 124 1
16 124 1
17 124 1
27 124 2
28 124 5
31 124 1
40 124 4
42 124 1
45 124 1
51 124 6
55 124 1
67 124 7
73 124 2
82 124 1
83 124 1
84 124 2
89 124 1
98 124 1
103 124 11
104 124 1
106 124 1
118 124 1
124 124 5
133 124 1
8 125 4
9 125 10
14 125 12
15 125 1
20 125 5
21 125 1
23 125 2
31 125 1
32 125 1
39 125 3
45 125 1
49 125 1
51 125 2
58 125 1
59 125 2
63 125 1
69 125 1
70 125 1
73 125 2
78 125 1
85 125 1
90 125 1
91 125 1
98 125 1
103 125 1
104 125 5
110 125 3
112 125 1
114 125 2
120 125 3
125 125 2
139 125 1
142 125 2
15 126 1
84 126 1
126 126 1
93 127 1
103 127 1
144 127 1
97 128 1
128 128 6
9 129 1
113 129 2
129 129 1
1 130 3
16 130 1
96 130 1
130 130 1
6 131 1
7 131 3
10 131 2
85 131 1
114 131 1
142 131 1
1 132 1
108 132 1
2 133 1
129 134 1
138 134 1
1 135 2
111 135 1
131 135 1
137 135 1
1 136 2
21 136 2
135 136 1
136 136 1
140 136 1
1 137 1
132 137 1
135 137 1
137 137 1
1 138 3
5 138 1
48 138 2
78 138 2
108 138 1
37 139 1
114 139 1
139 139 1
1 140 3
56 140 1
78 140 1
108 140 1
139 140 1
130 141 1
4 142 2
7 142 5
9 142 1
10 142 3
16 142 1
18 142 6
28 142 1
34 142 1
36 142 4
42 142 2
43 142 8
45 142 23
51 142 8
54 142 3
56 142 1
72 142 1
85 142 2
93 142 1
109 142 6
110 142 2
112 142 1
113 142 1
114 142 4
142 142 5
18 143 3
35 143 2
45 143 8
56 143 1
83 143 1
97 143 2
98 143 2
110 143 1
114 143 2
143 143 7
144 144 1
85 145 1
146 146 1
