34 1 1
22 2 1
19 3 1
23 4 2
4 5 2
6 6 1
10 6 1
38 7 1
5 8 1
9 8 1
27 8 1
14 9 1
38 9 1
29 10 1
38 10 1
10 11 2
11 11 1
12 11 1
37 12 2
21 13 1
35 13 1
38 13 2
31 14 1
5 15 3
21 15 1
15 16 1
7 17 1
12 17 1
22 17 1
19 18 1
23 18 2
27 19 1
28 19 1
9 20 1
18 20 1
10 21 1
13 21 5
38 21 4
39 21 5
12 22 2
4 23 1
19 23 1
30 23 1
32 23 1
40 23 1
3 24 1
25 25 1
5 26 1
27 27 1
1 28 1
6 28 1
5 29 1
24 29 1
12 30 1
13 30 1
27 30 1
12 31 4
11 32 1
33 32 1
16 33 1
38 33 2
2 34 8
12 34 1
21 35 1
38 35 1
17 36 1
10 37 2
34 38 1
34 39 1
20 40 2
19 41 1
26 42 1
16 43 1
8 44 1
27 44 6
21 45 1
12 46 1
36 47 1
41 48 1
12 49 1
19 49 2
19 50 1
