1 1 1
5 2 1
33 2 2
7 3 2
15 3 1
21 3 1
40 3 2
27 4 1
51 4 1
12 5 1
20 5 1
44 5 2
28 6 1
35 6 3
42 6 1
76 6 1
19 7 1
8 8 1
19 9 1
24 10 1
73 10 1
57 11 1
10 12 8
20 12 1
7 13 1
66 13 1
69 13 1
72 13 2
16 14 2
17 14 1
32 14 1
41 14 1
42 14 2
64 14 1
23 15 1
68 15 1
4 16 1
21 16 1
47 16 2
68 16 1
19 17 3
20 17 1
20 18 2
68 18 1
70 18 1
9 19 1
20 19 1
7 20 1
57 20 1
20 21 1
21 21 1
24 21 1
68 21 1
2 22 4
7 23 2
23 23 2
15 24 2
24 24 1
68 24 1
2 25 1
7 25 1
55 25 3
7 26 2
15 26 1
19 26 3
28 26 1
33 26 2
41 26 2
6 27 1
10 27 1
35 27 2
4 28 1
28 28 1
15 29 2
27 29 1
32 29 1
21 30 1
31 30 2
38 30 1
57 30 1
68 30 2
69 30 4
4 31 1
10 32 1
27 32 1
33 32 2
64 32 4
20 33 22
21 33 2
34 33 1
45 33 2
6 34 1
14 34 2
28 34 1
35 34 1
36 34 2
5 35 1
43 35 1
37 36 1
63 36 1
15 37 2
42 38 3
7 39 1
21 39 1
39 39 1
4 40 1
55 40 1
19 41 1
44 41 1
52 41 3
59 41 5
20 42 1
22 43 1
52 43 1
7 44 1
20 44 1
21 44 1
25 44 1
26 44 1
70 44 1
25 45 1
32 45 2
40 45 2
57 45 2
60 45 1
71 45 1
24 46 1
46 46 2
56 46 1
62 46 1
68 46 1
5 47 1
8 47 1
19 47 1
20 47 2
25 47 1
32 47 1
48 47 1
8 48 1
35 48 1
72 48 1
50 49 2
1 50 2
57 51 1
74 51 1
6 52 1
52 52 1
69 52 1
54 53 1
54 54 1
67 55 1
61 56 3
18 57 3
19 57 1
35 58 1
36 58 1
35 59 1
75 59 1
65 60 1
19 61 1
20 61 1
32 61 1
59 61 1
20 62 1
13 63 2
57 63 2
53 64 1
63 65 1
64 66 1
7 67 5
28 67 1
64 67 1
29 68 1
76 68 1
42 69 1
51 69 1
76 69 2
6 70 1
21 71 1
26 71 2
49 71 1
14 72 1
17 72 3
69 72 2
7 73 2
42 73 1
30 74 1
31 74 1
58 74 1
21 75 1
34 75 1
11 76 1
54 76 1
24 77 1
4 78 1
7 78 1
13 78 4
19 78 2
21 78 1
33 78 1
48 78 1
3 79 1
57 80 1
17 81 1
35 81 1
13 82 1
35 83 1
