7 1 1
105 1 1
140 1 2
293 1 1
401 1 3
17 2 1
144 2 1
513 2 1
520 2 1
60 3 1
217 3 1
451 3 1
500 3 1
507 3 1
537 3 1
579 3 1
5 4 1
9 4 1
296 4 1
377 4 15
284 5 1
196 6 1
43 7 1
69 7 1
355 7 2
15 8 5
46 8 3
62 8 1
172 8 1
178 8 1
195 8 1
225 8 2
229 8 2
254 8 1
255 8 1
257 8 1
267 8 1
276 8 1
280 8 1
298 8 1
385 8 1
409 8 1
482 8 1
568 8 1
11 9 2
17 9 1
62 10 3
335 10 1
340 10 1
295 11 1
65 12 2
89 12 1
262 12 3
377 13 1
42 14 17
96 14 1
240 15 1
89 16 1
8 17 1
295 17 2
477 17 2
494 18 1
31 19 1
251 19 2
424 19 2
431 19 5
508 19 3
244 20 1
405 20 1
161 21 2
376 21 8
498 21 5
7 22 1
271 22 3
313 22 3
347 22 1
354 22 1
357 22 1
379 22 3
401 22 1
409 22 2
510 22 1
341 23 1
361 23 10
403 24 1
155 25 1
159 26 1
203 26 1
523 26 1
56 27 1
445 27 17
531 27 5
559 27 1
499 28 1
565 28 1
33 29 1
106 29 1
293 29 1
365 29 2
441 29 1
398 30 1
418 30 3
426 30 6
523 31 1
202 32 4
219 32 1
137 33 2
336 33 7
167 34 2
256 34 1
572 34 1
32 35 1
129 35 1
138 35 1
168 35 1
187 35 9
358 35 1
405 35 1
551 35 1
592 35 5
31 36 1
180 36 1
393 36 1
72 37 2
295 37 6
323 37 1
408 37 2
74 38 1
69 39 1
175 39 1
522 40 1
95 41 2
307 41 1
580 41 2
21 42 1
27 42 1
117 42 1
142 42 2
144 42 1
151 42 2
196 42 2
209 42 1
212 42 4
499 42 8
548 42 1
584 42 1
588 42 1
126 43 1
133 44 1
327 44 1
561 44 1
40 45 1
41 46 1
107 46 1
61 47 1
228 47 1
375 47 1
54 48 1
61 48 2
65 48 6
195 49 1
275 49 1
323 49 1
340 49 1
385 49 8
96 50 1
324 50 1
34 51 1
375 51 9
383 51 1
400 51 1
109 52 1
477 53 1
39 54 6
48 54 1
202 54 1
261 54 1
305 54 1
357 54 1
379 54 1
501 54 2
517 54 1
533 54 1
434 55 2
441 55 1
28 56 1
44 56 2
45 56 1
217 56 1
306 56 1
378 56 1
386 56 1
389 56 3
71 57 1
116 57 2
129 57 6
147 57 1
187 57 1
243 57 3
248 57 1
288 57 1
423 57 1
467 57 11
470 57 1
579 57 3
583 57 1
13 58 1
344 58 1
401 58 1
7 59 1
512 59 1
364 60 1
65 61 1
290 61 1
539 61 1
580 61 2
51 62 1
547 62 1
121 63 1
182 64 4
412 64 13
479 64 1
92 65 2
264 65 1
501 65 3
566 65 3
408 66 1
568 66 1
583 66 2
20 67 2
60 67 2
65 67 1
142 67 1
209 67 1
226 67 1
334 67 1
336 67 1
351 67 2
353 67 1
376 67 1
452 67 1
499 67 4
570 67 4
120 68 1
161 69 1
230 70 2
100 71 1
174 71 1
570 71 4
65 72 1
237 72 2
18 73 1
230 73 1
243 73 4
385 73 4
405 73 2
494 73 1
68 74 3
292 74 2
177 75 1
412 76 2
510 76 3
567 76 1
71 77 2
456 77 2
551 77 1
586 77 1
16 78 1
44 78 2
201 78 1
209 78 1
279 78 4
290 78 2
299 78 1
300 78 1
303 78 1
348 78 1
526 78 1
533 78 1
338 79 2
339 79 5
350 79 1
426 79 1
136 80 1
305 80 5
309 80 7
310 80 1
321 80 5
361 80 1
380 80 1
568 80 1
118 81 5
335 81 1
418 81 2
517 81 2
145 82 1
209 83 2
303 83 2
579 83 1
48 84 1
120 84 1
220 85 1
276 85 1
81 86 4
213 86 1
422 86 2
232 87 1
209 88 2
228 88 4
349 88 1
19 89 1
315 89 1
454 89 2
302 90 3
166 91 7
185 91 1
203 91 1
269 91 1
273 91 7
374 91 2
441 91 1
109 92 3
192 92 1
206 92 1
321 92 2
409 92 1
425 92 9
185 93 1
258 93 1
398 93 4
572 93 10
9 94 1
93 94 1
140 94 1
279 94 1
335 94 1
347 94 1
370 94 1
381 94 1
41 95 1
470 95 2
58 96 1
237 96 1
65 97 8
261 97 1
375 97 2
108 98 1
116 98 1
118 98 5
372 98 1
418 98 3
9 99 1
141 99 7
490 99 6
30 100 1
58 100 1
216 100 1
359 100 1
385 100 1
42 101 1
53 101 2
77 101 4
93 101 3
218 101 1
231 101 2
240 101 1
278 101 2
324 101 2
381 101 1
267 102 1
387 102 1
443 102 1
490 102 7
84 103 1
30 104 2
32 104 1
97 104 1
236 104 1
9 105 1
89 105 2
122 105 1
130 105 1
170 105 5
362 105 1
469 105 1
546 105 2
190 106 2
388 106 1
12 107 2
31 107 1
142 107 1
209 107 3
231 107 1
293 107 1
335 107 1
340 107 1
361 107 1
375 107 1
447 107 1
513 107 1
515 107 2
539 107 2
5 108 6
42 108 3
159 108 1
110 109 1
120 110 1
454 110 4
518 110 1
289 111 1
429 111 4
554 112 1
106 113 1
233 113 1
400 113 1
58 114 1
107 114 1
190 114 1
243 114 1
54 115 1
135 115 1
150 115 10
215 115 1
412 115 1
418 115 1
445 115 1
294 116 1
366 116 1
31 117 1
454 117 1
243 118 1
490 119 1
99 120 1
523 120 3
515 121 1
81 122 1
402 123 2
404 123 1
429 123 1
461 123 1
266 124 1
31 125 1
119 125 1
170 125 6
489 125 1
78 126 1
170 126 1
198 126 1
210 126 1
235 126 1
252 126 1
296 126 3
404 126 3
414 126 1
420 126 1
464 126 1
480 126 4
528 126 4
541 126 1
553 126 1
577 126 1
579 126 1
38 127 1
122 127 1
126 127 1
469 127 2
116 128 1
278 129 1
580 129 1
184 130 1
8 131 1
137 131 2
272 131 1
374 131 1
391 131 6
514 131 1
517 131 1
47 132 1
98 133 1
100 133 1
127 133 1
190 133 2
294 133 11
373 133 1
128 134 1
1 135 1
9 135 2
19 135 1
51 135 9
161 135 1
382 135 4
241 136 1
248 136 1
287 136 1
583 136 1
280 137 1
129 138 1
445 139 1
98 140 3
533 140 2
572 140 1
285 141 1
439 141 1
90 142 1
130 142 1
150 142 4
289 142 3
392 142 1
531 142 2
559 142 1
583 142 1
17 143 1
54 143 1
115 143 1
125 143 1
162 143 1
211 143 1
522 143 1
523 143 1
540 143 2
253 144 2
137 145 2
162 145 1
512 145 1
30 146 2
40 146 1
50 146 1
63 146 3
67 146 1
107 146 13
158 146 1
165 146 1
209 146 1
307 146 1
344 146 7
390 146 4
407 146 1
431 146 1
512 146 8
209 147 1
58 148 2
175 148 2
191 149 1
476 149 1
522 149 6
30 150 1
67 150 4
97 150 1
305 150 1
307 150 1
309 150 1
311 150 1
312 150 2
317 150 1
320 150 1
340 150 1
342 150 1
343 150 1
354 150 3
424 150 1
499 150 4
237 151 1
349 151 1
29 152 1
551 152 1
310 153 1
144 154 1
270 154 1
138 155 1
305 155 1
367 155 3
539 155 1
218 156 1
493 156 1
135 157 1
196 158 1
219 158 1
258 158 2
526 158 1
283 159 1
54 160 11
150 160 2
158 160 1
230 160 1
241 160 1
265 160 1
527 160 1
19 161 5
89 161 2
122 161 2
158 161 1
167 161 3
343 161 1
513 161 1
35 162 1
53 162 1
339 162 2
515 162 1
518 162 1
526 162 3
580 162 18
31 163 1
468 163 1
7 164 1
34 164 1
123 164 6
185 164 1
199 164 1
209 164 1
225 164 3
290 164 1
309 164 20
313 164 2
351 164 1
359 164 3
390 164 3
395 164 1
428 164 2
446 164 1
464 164 3
474 164 1
499 164 1
534 164 1
404 165 8
415 165 1
483 165 1
3 166 2
155 166 1
560 166 1
50 167 14
172 167 3
404 167 1
71 168 2
203 168 1
583 168 1
506 169 1
574 169 1
8 170 3
137 170 2
158 170 1
31 171 2
70 171 1
215 171 1
400 171 9
572 171 1
5 172 1
88 172 1
243 172 2
343 172 4
152 173 1
247 173 6
280 173 3
309 173 1
321 173 1
338 173 1
361 173 1
369 173 6
408 173 9
523 173 1
557 173 2
225 174 1
431 174 1
183 175 1
479 175 1
526 175 2
243 176 12
343 176 6
577 176 1
230 177 1
384 178 1
39 179 2
31 180 1
69 181 1
123 181 1
164 182 1
452 183 3
538 184 1
258 185 4
483 186 1
511 186 1
9 187 1
65 187 1
142 187 1
189 187 1
226 187 2
278 187 1
307 187 2
323 187 1
341 187 1
391 187 3
399 187 1
454 187 1
496 187 1
499 187 1
517 187 2
495 188 5
277 189 2
223 190 2
9 191 2
167 191 4
410 191 1
541 192 6
369 193 1
104 194 1
288 194 1
554 194 4
85 195 1
145 195 4
174 195 1
200 195 1
306 195 3
312 195 2
317 195 1
341 195 9
365 195 13
1 196 4
109 196 1
133 196 6
99 197 1
11 198 1
130 198 1
182 198 1
274 198 1
483 198 1
285 199 1
59 200 6
98 200 1
158 200 3
279 200 1
288 200 1
409 200 2
479 200 12
579 200 3
583 200 3
19 201 1
405 201 2
496 201 1
100 202 3
107 202 3
139 202 1
191 202 1
264 202 1
294 202 8
392 202 1
551 203 1
81 204 1
110 204 1
443 204 1
552 205 1
95 206 3
347 206 1
528 207 1
531 207 1
58 208 1
140 208 1
191 208 1
225 208 1
247 208 1
309 208 1
343 208 3
390 208 3
442 208 1
479 208 2
591 208 1
5 209 1
280 209 1
294 209 1
147 210 1
409 210 1
544 210 1
49 211 1
209 211 1
295 211 1
305 211 2
319 211 1
382 211 1
586 211 1
158 212 1
217 213 1
591 213 2
2 214 1
277 214 1
156 215 1
203 215 2
492 215 1
98 216 2
177 216 1
207 216 1
215 216 1
437 216 1
444 216 1
458 216 1
572 216 1
204 217 2
222 218 1
112 219 1
264 220 1
129 221 1
586 221 1
132 222 1
437 222 5
177 223 1
461 223 1
293 224 1
417 224 1
433 224 1
486 224 2
497 224 1
17 225 1
188 225 1
206 225 4
246 225 1
282 225 2
437 225 2
489 225 2
167 226 1
89 227 3
155 227 1
282 227 1
531 227 1
48 228 1
114 229 1
171 229 3
411 229 1
452 229 1
230 230 1
392 230 1
576 230 3
6 231 1
382 231 1
53 232 1
169 232 1
252 232 1
377 232 3
405 232 1
111 233 1
136 233 1
213 234 2
232 235 1
266 235 1
570 235 1
175 236 1
354 236 1
360 236 1
405 236 1
100 237 1
107 237 1
303 237 1
420 237 1
476 237 1
579 237 1
158 238 1
191 238 1
222 238 2
338 238 1
584 238 1
22 239 1
99 239 2
165 239 1
139 240 1
264 240 1
288 240 6
513 240 2
152 241 2
199 241 1
88 242 1
177 243 8
232 243 1
377 243 1
572 243 1
549 244 1
47 245 1
247 245 1
467 245 1
552 245 1
81 246 1
234 246 1
281 247 1
418 247 1
522 248 1
225 249 1
215 250 1
412 250 1
62 251 1
381 251 1
569 251 1
53 252 1
166 252 1
58 253 1
77 253 5
200 253 1
250 253 2
309 253 10
320 253 3
344 253 1
351 253 1
379 253 2
446 253 1
490 253 1
513 253 5
588 253 3
128 254 1
150 254 1
181 254 1
316 254 1
431 254 3
464 254 1
110 255 2
147 255 1
424 255 1
467 255 1
501 255 1
516 255 2
519 255 1
523 255 1
1 256 1
107 256 1
228 256 1
245 256 1
579 256 1
29 257 1
465 257 1
497 257 4
294 258 1
483 258 7
530 258 1
87 259 1
159 259 1
160 259 1
162 259 3
206 259 1
66 260 1
143 260 1
446 261 1
249 262 1
582 262 1
208 263 1
285 263 1
431 263 4
152 264 1
211 264 2
276 264 1
404 264 2
434 264 3
454 264 4
461 264 1
483 264 2
501 264 3
532 264 1
546 264 1
552 264 4
416 265 2
477 266 7
580 266 1
552 267 1
592 267 2
43 268 1
38 269 1
258 269 1
258 270 3
286 270 2
297 270 1
3 271 1
100 272 1
44 273 2
45 273 2
99 273 1
127 273 1
167 273 1
590 273 1
41 274 1
57 274 1
309 274 1
402 274 2
538 274 1
149 275 1
452 276 9
536 276 1
560 276 2
107 277 1
522 277 1
560 278 1
266 279 1
396 279 1
161 280 2
104 281 1
197 281 1
425 281 1
161 282 1
214 282 1
242 282 5
31 283 1
268 283 1
460 283 6
278 284 1
269 285 1
291 285 1
491 285 3
575 285 1
37 286 1
55 286 3
105 286 1
120 286 1
253 286 2
299 286 2
358 286 1
381 286 1
458 286 1
108 287 1
53 288 1
195 288 1
9 289 1
58 289 1
242 289 1
321 289 6
375 289 1
591 290 1
23 291 1
150 292 1
531 293 1
140 294 7
200 294 2
122 295 1
172 295 2
334 296 2
337 296 1
82 297 2
131 297 1
89 298 1
206 298 2
215 298 1
234 298 1
282 298 1
359 298 1
462 298 1
489 298 1
23 299 5
24 299 12
68 299 1
155 299 1
415 299 1
445 299 1
416 300 2
4 301 1
187 301 3
288 301 6
5 302 3
166 302 1
173 302 3
177 302 1
416 302 17
58 303 4
187 303 1
241 303 1
288 303 5
365 303 1
447 303 1
554 303 2
428 304 1
438 304 1
86 305 1
387 305 1
54 306 2
201 306 1
508 307 1
6 308 1
65 308 1
470 308 1
22 309 1
36 309 2
103 309 5
150 309 1
154 309 1
183 309 1
217 309 1
243 309 2
260 309 3
289 309 1
299 309 1
316 309 2
361 309 6
376 309 1
423 309 1
577 309 10
45 310 1
272 310 1
286 310 1
241 311 1
52 312 1
151 312 1
359 312 1
551 313 1
584 313 1
176 314 1
83 315 5
47 316 1
403 316 4
304 317 3
145 318 1
200 318 3
305 318 1
196 319 1
278 319 1
341 319 1
391 319 1
340 320 1
515 320 1
209 321 1
279 321 1
325 321 2
374 321 1
196 322 1
333 323 1
18 324 1
51 324 5
382 324 5
316 325 1
390 326 1
405 327 1
548 327 1
326 328 1
320 329 4
346 329 1
385 330 1
20 331 1
226 331 1
496 331 1
140 332 1
334 332 2
366 332 3
350 333 1
351 333 1
325 334 1
374 335 4
405 335 2
405 336 1
330 337 1
397 337 1
306 338 1
335 338 3
320 339 1
343 339 2
363 339 1
513 340 1
140 341 1
378 342 5
391 342 3
342 343 2
317 344 1
345 344 1
390 344 2
343 345 1
345 345 1
347 346 1
307 347 1
319 347 1
320 347 1
336 347 1
352 347 1
509 347 2
512 347 1
374 348 1
329 349 1
509 349 1
339 350 1
348 350 2
357 350 1
326 351 3
327 351 1
328 351 3
339 351 1
140 352 1
338 352 1
348 352 1
361 352 1
395 353 1
562 353 1
27 354 1
319 354 2
340 354 4
349 354 1
361 354 1
368 354 4
91 355 1
272 355 1
335 355 1
509 355 1
216 356 1
74 357 1
354 357 3
411 357 1
496 357 4
41 358 1
533 358 11
325 359 1
337 359 2
384 359 1
521 359 1
174 360 1
509 360 1
287 361 1
306 361 1
236 362 1
337 362 3
348 362 1
39 363 1
51 363 3
110 363 2
146 363 1
382 363 2
338 364 2
370 364 1
380 365 1
322 366 1
374 366 9
406 366 1
405 367 3
318 368 7
364 368 2
407 368 2
215 369 1
418 369 1
518 370 1
556 370 1
170 371 1
420 371 1
292 372 1
374 373 1
375 373 1
30 374 15
95 374 1
325 374 1
333 374 1
413 374 1
51 375 2
174 376 1
30 377 1
153 378 1
322 378 1
14 379 1
377 379 3
3 380 1
10 380 1
30 380 2
108 380 2
117 380 1
204 380 1
213 380 1
241 380 16
369 380 1
457 380 1
519 380 4
414 381 1
161 382 1
568 382 1
275 383 1
405 383 1
370 384 1
65 385 1
15 386 1
239 386 1
355 387 1
151 388 13
328 388 4
359 388 2
305 389 3
310 389 1
337 389 2
343 389 2
93 390 1
174 390 2
321 390 3
502 390 1
209 391 7
314 391 18
319 391 1
343 391 2
325 392 3
134 393 4
207 393 1
254 393 1
261 393 1
264 393 2
586 393 1
355 394 1
100 395 1
267 395 1
208 396 1
311 396 4
368 397 3
106 398 8
156 398 2
394 398 1
430 398 1
468 398 4
7 399 1
4 400 2
105 400 1
119 400 3
135 400 1
170 400 1
205 400 4
247 400 4
253 400 1
259 400 1
325 400 1
332 400 1
337 400 3
525 401 1
533 401 5
200 402 1
403 402 1
591 402 1
154 403 1
469 403 1
516 403 1
530 403 1
561 404 1
374 405 1
513 406 1
5 407 3
25 407 2
150 407 1
153 407 2
158 407 1
163 407 1
170 407 1
184 407 1
221 407 1
250 407 1
279 407 1
320 407 2
331 407 1
343 407 1
344 407 1
363 407 1
420 407 5
434 407 1
452 407 1
473 407 1
452 408 1
464 408 1
476 408 6
536 408 1
531 409 1
50 410 1
106 410 1
188 410 14
203 410 1
221 410 1
288 410 1
504 410 1
537 410 1
551 410 1
187 411 1
415 411 1
417 411 10
523 411 4
545 411 2
417 412 2
468 412 1
529 412 1
405 413 1
234 414 1
362 414 1
461 414 1
445 415 3
466 415 2
493 415 1
518 415 3
559 415 6
468 416 1
501 416 1
518 416 1
268 417 5
362 417 1
508 417 1
516 417 3
524 417 1
543 417 2
248 418 2
59 419 1
344 419 2
441 419 1
491 419 1
220 420 1
44 421 1
107 421 1
190 421 1
455 421 1
534 421 1
167 422 1
371 423 1
457 423 1
428 424 1
534 424 1
453 425 1
553 426 6
467 427 1
534 427 7
432 428 1
449 428 1
459 428 2
484 428 1
483 429 2
433 430 1
443 431 2
435 432 2
518 432 1
484 433 2
503 433 2
518 433 6
528 433 1
555 433 2
559 433 1
101 434 1
438 435 1
484 435 1
224 436 1
428 437 4
461 437 12
482 437 1
523 437 1
528 437 1
551 437 1
579 437 2
419 438 1
420 439 1
435 439 1
460 439 3
476 439 8
559 440 3
511 441 1
589 441 1
448 442 1
530 443 1
113 444 2
235 444 1
337 444 1
450 445 2
493 445 1
383 446 1
420 446 1
186 447 1
470 447 2
480 447 1
507 447 1
536 447 1
420 448 2
485 448 1
523 448 5
107 449 1
120 449 1
424 449 1
455 449 1
511 450 1
94 451 1
76 452 1
120 452 1
204 452 1
420 452 1
568 452 6
463 453 1
301 454 1
487 454 1
108 455 1
503 456 1
551 456 1
163 457 1
191 457 1
102 458 1
546 459 1
129 460 1
492 460 1
521 460 1
579 460 3
24 461 1
238 462 2
120 463 1
467 463 2
551 463 1
481 464 1
534 464 1
449 465 1
468 465 6
553 465 1
421 466 1
472 466 1
83 467 2
437 468 3
451 468 2
471 468 1
523 468 3
534 468 2
552 468 1
440 469 1
196 470 2
130 471 2
518 471 1
519 471 3
472 472 3
542 472 1
427 473 6
443 473 1
553 473 1
3 474 1
75 475 1
484 475 1
518 475 1
475 476 1
488 476 1
560 476 3
419 477 8
459 477 1
572 478 1
107 479 1
436 480 2
479 480 1
518 480 9
476 481 1
33 482 1
230 482 6
179 483 2
212 483 1
246 483 2
38 484 1
514 485 1
501 486 1
21 487 2
35 487 3
53 487 4
80 487 1
84 487 1
103 487 1
107 487 3
139 487 1
149 487 1
159 487 1
162 487 1
177 487 7
221 487 1
227 487 1
263 487 2
347 487 1
405 487 1
505 487 1
476 488 1
225 489 1
285 489 1
584 489 2
434 490 1
497 490 2
505 490 1
508 490 2
147 491 1
212 491 1
476 491 2
530 492 1
507 493 5
544 493 1
102 494 14
460 494 1
461 494 3
237 495 1
130 496 1
512 497 1
191 498 1
26 499 1
28 499 3
226 499 3
240 499 1
319 499 2
357 499 5
365 499 1
384 500 1
74 501 2
335 501 1
384 501 7
401 501 1
515 501 1
563 501 1
494 502 1
93 503 3
306 503 2
341 503 3
366 503 1
487 504 4
519 504 1
558 505 2
559 505 1
50 506 1
521 506 1
476 507 1
483 507 1
522 507 1
135 508 3
265 509 1
268 509 1
283 509 1
516 509 11
435 510 9
58 511 1
133 511 1
140 511 2
317 511 1
340 511 1
355 511 1
374 511 1
390 511 1
551 511 1
166 512 1
182 512 1
525 512 2
478 513 1
420 514 1
433 514 1
470 514 1
551 514 1
552 514 1
371 515 1
432 515 1
124 516 1
125 516 1
212 516 1
224 516 1
270 516 1
436 516 2
465 516 1
469 516 1
518 516 1
552 516 1
420 517 3
531 517 1
550 517 1
152 518 1
154 518 1
156 518 8
52 519 1
186 520 1
132 521 1
500 521 1
535 522 1
549 522 1
28 523 8
226 523 8
405 523 3
165 524 1
515 524 7
431 525 6
450 526 1
542 526 1
552 526 1
2 527 2
277 527 1
206 528 1
450 529 1
78 530 1
103 530 1
193 530 1
203 530 4
219 530 1
235 530 1
253 530 1
536 530 1
319 531 1
440 532 1
470 532 1
491 532 1
581 532 1
519 533 1
495 534 1
501 534 1
585 535 1
464 536 1
519 536 1
25 537 1
212 537 1
549 537 1
552 537 1
83 538 5
301 538 1
428 538 1
511 538 14
586 538 3
30 539 1
290 539 1
354 539 1
424 539 4
451 539 1
518 539 5
472 540 2
549 540 2
25 541 1
552 542 1
60 543 2
209 543 1
357 543 1
401 543 2
435 544 8
445 544 1
451 544 1
530 544 1
531 544 1
374 545 1
523 545 3
562 546 1
307 547 1
494 547 1
561 547 3
563 547 1
578 548 1
561 549 2
35 550 1
168 550 1
241 550 1
571 550 1
86 551 1
120 552 1
79 553 1
203 553 2
222 553 1
360 553 1
153 554 1
500 555 1
523 555 2
575 555 2
218 556 1
104 557 1
479 557 1
137 558 1
344 558 1
64 559 1
194 559 1
513 559 1
362 560 1
515 561 1
83 562 5
134 562 4
301 562 4
511 562 3
549 562 1
467 563 1
65 564 1
222 564 1
73 565 1
308 565 1
310 565 1
356 565 1
374 565 7
318 566 1
338 566 1
562 566 1
564 566 1
158 567 6
261 567 1
279 567 1
456 567 1
479 567 3
107 568 1
209 568 1
346 568 1
47 569 2
562 569 2
564 569 2
100 570 1
137 570 4
158 570 6
203 570 1
207 570 1
474 570 1
492 570 1
516 570 3
587 570 1
137 571 1
3 572 2
436 572 2
461 572 3
478 572 1
487 572 1
584 572 1
147 573 1
157 573 1
185 573 1
234 573 1
222 574 1
248 574 1
409 574 1
423 574 1
473 574 1
584 575 1
573 576 1
573 577 2
573 578 1
148 579 1
283 579 1
474 579 3
482 579 1
523 579 5
191 580 2
243 580 11
523 580 1
560 580 1
403 581 1
269 582 1
467 582 1
139 583 1
191 583 2
199 583 1
287 583 1
360 583 7
424 583 3
479 583 1
