39 1 1
201 2 1
222 2 4
9 3 1
104 3 1
196 3 1
199 4 1
3 5 1
228 5 1
399 5 1
153 6 4
193 6 2
419 6 1
42 7 1
54 7 1
147 7 1
4 8 1
41 8 1
251 9 1
49 10 1
412 10 1
217 11 1
12 12 2
428 12 1
321 13 1
128 14 1
310 15 1
164 16 2
272 16 1
125 17 1
19 18 3
258 18 2
306 18 1
146 19 3
258 20 1
25 21 1
258 21 1
14 22 1
128 23 2
203 23 1
426 23 1
122 24 1
310 24 1
39 25 1
137 26 1
30 27 4
45 27 1
124 27 4
188 27 1
63 28 1
121 28 1
125 29 1
204 29 1
40 30 1
167 30 1
27 31 1
48 31 1
376 31 1
151 32 1
147 33 1
250 33 2
255 33 1
256 34 1
339 35 1
34 36 1
154 36 1
46 37 1
198 38 1
144 39 1
238 40 1
255 40 1
7 41 1
49 41 1
310 41 1
216 42 1
168 43 2
410 43 2
87 44 1
63 45 1
315 45 1
8 46 2
237 47 1
31 48 1
158 48 1
384 48 2
188 49 5
126 50 2
22 51 1
184 51 1
258 51 1
77 52 1
354 52 1
12 53 1
228 53 1
368 54 1
264 55 1
49 56 1
62 56 1
101 56 3
130 56 1
418 57 1
57 58 1
327 58 3
3 59 1
13 60 4
137 60 4
198 60 1
152 61 1
172 61 1
201 62 1
416 62 3
33 63 1
59 63 1
292 63 1
159 64 1
15 65 2
17 65 1
244 65 2
267 65 1
303 65 1
369 65 1
384 65 2
395 65 1
203 66 1
76 67 1
53 68 1
119 69 2
193 69 1
243 69 2
420 69 1
7 70 1
34 70 1
251 70 1
304 71 1
17 72 1
72 73 1
346 73 1
324 74 1
79 75 1
32 76 1
139 77 1
226 77 1
236 77 1
289 77 2
407 77 1
87 78 1
141 78 1
212 78 1
68 79 1
276 79 1
289 80 2
188 81 2
220 81 1
410 81 1
338 82 1
428 82 2
106 83 1
103 84 1
132 85 1
210 85 2
221 85 1
86 86 1
162 86 1
325 86 1
403 87 1
203 88 1
109 89 1
69 90 1
185 90 1
201 90 1
232 91 1
208 92 1
163 93 1
63 94 1
117 94 3
232 95 1
283 96 1
18 97 1
123 97 2
193 97 1
257 97 1
305 97 2
193 98 1
125 99 1
202 100 2
126 101 2
303 101 1
43 102 1
327 102 1
200 103 2
20 104 2
243 104 2
281 104 1
282 104 2
311 105 1
1 106 4
59 106 1
180 106 4
56 107 1
328 107 2
344 107 1
64 108 4
149 108 2
9 109 1
350 109 2
127 110 1
237 111 1
55 112 2
107 112 8
141 112 1
161 112 10
234 112 1
32 113 5
153 113 4
45 114 2
50 114 1
96 114 1
190 115 1
121 116 1
308 116 2
411 117 1
382 118 1
93 119 1
69 120 1
294 120 1
26 121 2
31 121 1
37 121 1
56 121 1
67 121 1
79 121 1
251 121 1
258 121 1
304 121 1
375 121 1
406 121 1
165 122 1
235 122 4
358 122 2
204 123 1
203 124 1
217 125 1
81 126 1
200 126 1
13 127 1
298 127 3
32 128 1
85 128 2
160 128 2
322 128 1
141 129 1
422 129 1
218 130 1
144 131 1
164 131 1
188 131 1
46 132 2
68 133 1
202 133 1
165 134 2
246 134 1
97 135 1
289 135 2
350 135 1
407 135 1
79 136 3
143 136 2
238 136 1
263 136 4
362 136 2
243 137 1
263 137 2
138 138 1
68 139 1
155 140 2
65 141 1
114 141 1
150 141 1
174 141 1
268 141 1
335 141 2
355 141 1
371 141 1
413 141 2
419 142 1
228 143 2
289 143 1
359 143 1
198 144 1
137 145 1
148 146 1
154 147 1
328 148 1
24 149 1
225 149 1
281 149 2
163 150 1
50 151 2
105 151 2
182 151 1
186 151 1
72 152 1
283 152 1
76 153 1
129 153 1
145 153 1
278 154 1
67 155 2
172 155 3
188 155 2
362 155 1
429 156 1
20 157 2
79 157 1
187 157 1
224 157 1
3 158 1
66 158 1
113 158 1
131 158 2
116 159 1
160 159 1
142 160 1
193 160 1
142 161 4
157 162 1
316 162 1
12 163 1
280 164 1
132 165 1
211 165 1
218 165 1
301 165 1
36 166 1
51 166 2
129 166 1
201 167 1
415 168 1
64 169 2
321 170 1
330 170 1
44 171 1
217 171 3
128 172 1
159 172 1
315 173 3
117 174 1
209 174 4
327 174 1
70 175 1
324 176 1
196 177 1
177 178 1
315 178 1
417 178 1
217 179 1
55 180 1
283 181 1
406 181 2
137 182 1
223 182 1
347 182 5
82 183 3
156 183 1
189 183 1
410 183 1
328 184 1
421 184 3
351 185 1
241 186 1
329 187 4
107 188 1
37 189 1
70 189 1
376 190 1
215 191 1
90 192 1
270 192 2
325 192 1
316 193 1
412 193 2
172 194 1
63 195 1
100 196 2
111 196 1
150 197 1
50 198 2
308 198 3
85 199 1
132 199 1
77 200 1
389 201 1
87 202 2
240 203 3
164 204 1
185 204 1
404 204 1
132 205 1
201 206 1
299 206 1
307 206 1
38 207 1
130 207 1
276 207 1
225 208 1
263 208 1
5 209 1
47 209 1
63 209 1
265 209 1
271 210 1
288 211 2
20 212 1
123 212 1
168 212 1
224 212 1
384 213 1
246 214 1
284 214 2
268 215 1
395 216 1
261 217 1
271 217 1
286 217 1
278 218 1
284 218 1
133 219 1
372 219 2
428 219 3
318 220 1
118 221 1
126 222 1
243 223 1
254 223 1
262 223 1
271 223 1
249 224 2
253 225 1
295 225 1
18 226 1
82 227 2
142 227 1
207 227 1
262 227 1
313 227 2
380 227 1
248 228 2
18 229 1
308 229 1
266 230 1
275 230 1
274 231 1
198 232 1
395 232 1
269 233 2
71 234 1
130 235 1
197 235 2
198 236 1
273 236 1
286 236 1
379 236 1
245 237 1
247 237 2
254 237 1
272 237 2
375 237 6
409 237 1
246 238 1
260 238 1
317 238 1
55 239 1
252 240 2
252 241 1
253 241 1
259 241 1
262 241 1
270 241 1
281 241 1
379 241 1
28 242 1
259 242 2
267 242 2
271 242 1
290 242 1
376 242 1
380 242 1
152 243 1
252 243 1
26 244 1
263 244 1
277 244 3
428 244 2
187 245 3
254 245 1
267 245 1
288 246 1
271 247 1
74 248 1
73 249 1
75 249 1
258 249 1
279 249 1
291 249 1
170 250 1
196 250 1
390 251 1
82 252 1
246 252 1
284 252 1
78 253 1
21 254 1
78 255 1
267 256 1
288 257 1
11 258 1
61 258 1
117 258 2
153 258 1
175 258 1
198 258 1
130 259 2
369 260 1
20 261 3
106 261 1
293 262 2
16 263 1
168 264 2
188 264 1
377 264 1
197 265 1
313 265 1
23 266 2
173 266 1
120 267 1
171 268 1
70 269 2
300 269 3
249 270 1
198 271 2
205 271 1
315 271 1
45 272 1
168 272 1
216 272 1
243 272 1
303 272 1
314 272 1
164 273 1
258 273 1
394 273 1
272 274 1
428 275 2
215 276 1
264 277 1
267 277 1
374 277 1
249 278 2
189 279 1
262 280 1
270 280 2
139 281 1
321 282 1
376 283 4
35 284 2
297 284 1
326 284 1
102 285 2
78 286 2
253 286 2
312 286 1
6 287 1
262 287 1
263 287 1
130 288 2
308 289 1
217 290 2
192 291 1
308 292 1
314 292 1
334 293 2
341 293 1
396 293 1
94 294 2
320 294 2
387 294 3
195 295 1
214 295 1
12 296 1
80 297 1
23 298 1
178 299 1
302 299 9
176 300 1
328 301 1
331 301 1
356 301 1
423 301 2
2 302 1
212 302 1
325 302 1
413 302 1
66 303 1
209 303 1
308 303 1
357 304 2
373 305 2
88 306 1
170 306 1
212 306 1
230 306 1
228 307 1
309 307 1
119 308 1
181 309 1
352 309 1
1 310 1
137 310 2
169 310 1
135 311 1
334 312 1
136 313 2
229 313 1
367 313 1
105 314 1
137 314 1
360 315 1
361 315 1
323 316 1
367 316 1
105 317 1
198 318 2
363 319 1
388 319 1
82 320 1
97 321 1
360 322 6
343 323 1
95 324 1
346 324 1
428 324 1
201 325 1
331 325 2
328 326 3
427 326 1
188 327 1
29 328 2
41 329 1
89 329 1
119 329 1
140 329 1
150 330 1
233 330 1
348 330 1
385 330 1
397 330 1
397 331 1
332 332 1
385 333 1
106 334 1
174 334 1
314 334 1
424 334 1
352 335 1
357 335 1
390 335 1
226 336 1
60 337 1
137 338 1
201 338 1
342 338 1
393 338 1
188 339 1
336 339 1
219 340 1
371 340 1
388 340 1
121 341 1
198 341 1
425 342 1
222 343 1
213 344 1
360 344 1
319 345 1
340 346 1
98 347 1
345 347 1
320 348 2
329 348 1
340 348 1
357 348 1
322 349 1
349 349 1
366 349 2
333 350 1
109 351 1
112 352 1
134 353 1
389 353 1
39 354 1
154 354 1
257 354 1
370 355 1
296 356 1
91 357 1
52 358 1
414 358 1
187 359 1
207 359 1
217 359 1
164 360 1
364 361 1
370 361 1
405 361 1
333 362 1
174 363 1
348 363 1
74 364 1
187 365 2
374 366 2
257 367 1
304 367 4
31 368 1
225 368 2
20 369 1
187 369 1
225 369 3
377 369 1
408 369 1
191 370 1
201 370 1
352 370 1
378 370 1
388 370 1
10 371 1
323 372 1
381 372 1
388 372 1
401 373 1
363 374 1
386 374 2
365 375 1
242 376 1
383 376 4
54 377 1
166 377 1
206 377 1
84 378 1
188 378 1
218 378 9
83 379 1
337 380 1
340 381 1
320 382 1
176 383 1
110 384 1
97 385 2
228 385 1
390 385 1
412 385 2
391 386 1
133 387 1
319 388 1
92 389 1
224 390 1
271 390 1
272 390 1
278 390 1
285 390 2
292 390 1
227 391 1
325 391 1
342 392 1
402 392 1
214 393 1
330 393 2
398 393 1
403 393 1
315 394 2
51 395 1
91 395 1
102 395 1
229 395 2
287 395 1
369 395 1
422 395 2
127 396 1
392 396 1
230 397 1
141 398 1
386 399 1
276 400 1
16 401 2
408 401 10
58 402 1
273 403 1
285 403 1
101 404 1
428 404 1
17 405 1
20 405 1
237 405 1
412 405 1
120 406 4
121 406 1
353 406 1
212 407 1
44 408 1
415 408 1
239 409 1
342 409 1
177 410 2
179 410 1
311 410 1
77 411 2
99 411 1
229 412 1
183 413 1
38 414 1
165 415 1
194 415 5
420 415 2
231 416 2
315 416 1
400 417 3
422 417 1
81 418 1
115 418 1
223 418 4
108 419 1
418 420 1
112 421 1
426 421 1
358 422 1
368 422 1
144 423 1
325 423 1
137 424 2
353 424 1
16 425 3
165 425 2
202 425 1
