152 1 1
344 1 1
368 1 1
397 1 1
476 1 2
53 2 1
361 2 1
466 2 1
187 3 1
275 3 1
83 4 1
133 4 1
382 4 1
55 5 1
72 5 2
136 5 1
92 6 3
534 7 6
235 8 1
49 9 1
140 9 1
13 10 1
305 11 1
220 12 1
173 13 4
350 13 1
63 14 1
380 15 1
154 16 1
380 16 2
26 17 1
307 17 1
22 18 1
322 18 1
23 19 2
42 19 1
95 19 1
305 19 1
24 20 1
411 21 1
441 21 1
477 22 1
22 23 1
177 23 1
227 23 2
322 23 1
449 23 1
485 23 2
461 24 1
376 25 1
64 26 1
176 27 4
274 28 1
399 28 3
419 29 4
31 30 1
1 31 1
147 32 1
43 33 1
53 34 1
256 34 1
308 34 2
9 35 1
104 35 1
19 36 1
20 36 2
42 36 1
96 36 3
166 37 4
235 37 1
262 37 2
328 37 1
531 37 1
98 38 2
4 39 1
95 40 1
189 40 1
96 41 1
195 41 1
223 41 1
267 41 2
72 42 1
468 42 1
472 42 1
532 42 2
19 43 1
37 43 1
52 43 1
71 44 1
154 44 1
16 45 1
154 45 1
180 45 1
19 46 1
20 47 2
141 47 1
235 48 1
85 49 1
167 50 1
180 51 2
205 51 2
235 52 3
240 52 1
65 53 1
110 54 1
167 54 1
516 55 1
61 56 1
126 56 1
449 57 1
102 58 1
38 59 1
262 59 1
72 60 2
117 60 6
165 60 2
338 60 1
363 60 1
448 60 1
105 61 1
395 61 1
77 62 1
235 63 1
85 64 1
77 65 2
197 65 1
40 66 1
68 66 1
78 66 2
145 66 1
521 67 1
26 68 1
119 68 1
452 68 1
33 69 1
353 69 2
136 70 1
221 70 1
235 70 1
489 71 1
111 72 2
247 72 1
249 72 1
349 72 2
89 73 1
122 73 1
30 74 1
51 74 1
85 74 2
254 74 1
86 75 1
68 76 2
128 76 1
377 76 1
241 77 1
248 77 2
272 77 1
150 78 1
41 79 1
108 80 2
172 81 2
11 82 1
95 82 1
276 82 1
43 83 2
245 83 1
348 83 1
461 83 1
70 84 1
111 84 1
130 84 2
135 84 1
200 84 1
420 84 1
421 84 2
172 85 1
260 86 1
32 87 1
112 87 5
143 87 1
100 88 1
116 89 1
191 89 1
399 89 1
73 90 1
155 90 3
104 91 1
193 91 2
195 91 1
288 91 1
170 92 4
221 92 1
107 93 1
276 93 1
400 93 1
458 94 1
188 95 1
243 95 1
494 95 1
508 95 1
77 96 1
242 96 1
488 96 2
113 97 1
62 98 1
86 98 1
114 98 2
172 98 2
272 98 2
530 98 1
2 99 2
25 99 2
200 99 1
72 100 2
188 100 4
284 100 1
488 101 2
241 102 1
524 102 3
155 103 1
370 103 2
120 104 1
378 104 1
503 104 1
216 105 1
122 106 3
261 107 1
495 107 1
370 108 1
196 109 1
123 110 1
133 110 1
274 110 1
420 110 1
87 111 1
83 112 2
71 113 1
83 113 1
131 113 1
522 114 1
269 115 1
257 116 1
419 116 1
136 117 1
376 117 1
137 118 1
361 119 1
195 120 2
143 121 5
114 122 2
194 122 1
287 122 1
318 122 2
486 122 1
52 123 2
141 123 1
490 123 4
45 124 1
238 124 1
524 124 4
52 125 1
179 125 1
181 125 1
45 126 1
71 126 1
120 126 1
136 126 1
276 126 1
381 126 1
214 127 2
19 128 1
28 128 1
333 128 1
11 129 1
19 129 1
78 129 1
137 129 1
262 129 1
26 130 2
156 130 1
211 130 1
265 130 4
318 130 1
358 130 4
486 130 1
90 131 1
421 132 2
399 133 1
174 134 1
263 134 1
278 134 2
252 135 1
48 136 1
395 136 1
163 137 1
229 137 3
446 137 1
464 137 1
203 138 1
261 139 1
399 140 1
411 140 1
448 140 1
346 141 1
25 142 1
514 143 1
31 144 1
81 144 1
120 144 1
72 145 2
192 146 1
83 147 2
166 147 3
232 147 4
415 147 1
534 147 3
231 148 2
2 149 1
470 149 1
166 150 2
169 151 1
147 152 1
172 152 2
463 152 2
250 153 2
63 154 4
217 154 1
87 155 1
153 155 1
166 155 1
255 155 1
105 156 1
202 156 1
237 156 1
281 156 1
17 157 2
534 158 4
149 159 1
145 160 1
148 160 1
313 160 1
334 160 1
371 160 1
146 161 2
180 161 4
212 161 1
535 161 3
380 162 1
447 163 1
83 164 2
217 165 1
276 166 1
128 167 4
123 168 1
378 168 1
87 169 1
128 169 1
4 170 1
248 170 1
229 171 1
235 172 1
195 173 1
207 173 1
221 173 2
235 173 3
167 174 1
354 174 1
436 174 1
514 174 1
44 175 1
104 175 1
106 175 1
196 175 2
235 175 1
242 175 1
253 175 1
96 176 1
195 176 3
231 176 1
355 176 1
415 176 1
197 177 1
415 177 2
428 177 1
524 177 1
82 178 2
109 178 1
153 178 1
344 178 1
397 178 1
442 178 1
484 178 1
501 179 1
58 180 3
170 180 1
235 180 3
295 180 1
296 180 2
320 180 1
415 180 1
472 180 2
101 181 1
383 181 1
103 182 1
207 182 1
73 183 1
211 183 1
223 183 1
312 183 3
320 183 1
205 184 5
351 184 1
54 185 4
137 185 1
5 186 1
48 186 1
68 186 1
409 186 1
476 186 1
521 186 1
29 187 1
59 187 1
136 187 2
185 187 1
208 188 1
399 188 1
407 188 1
489 188 1
35 189 1
91 190 2
201 190 2
115 191 1
97 192 1
115 192 2
185 192 1
438 193 1
94 194 1
197 194 1
74 195 1
235 195 2
215 196 1
289 196 1
18 197 1
137 198 1
195 199 1
524 200 1
114 201 1
155 201 1
162 201 1
222 201 1
133 202 1
289 203 2
195 204 1
223 205 2
60 206 1
180 206 1
233 206 1
231 207 3
20 208 1
34 208 1
26 209 1
36 209 1
227 209 1
305 209 1
13 210 1
155 211 1
230 211 1
488 211 1
24 212 1
142 213 2
232 213 1
535 213 1
520 214 2
45 215 2
270 215 1
488 215 1
139 216 1
197 216 5
233 216 1
9 217 2
79 218 2
128 218 1
232 218 3
235 218 2
472 218 4
490 218 4
83 219 1
56 220 1
236 220 1
421 221 1
111 222 1
161 222 1
383 222 1
155 223 1
57 224 1
219 225 1
129 226 1
9 227 1
122 228 1
134 228 1
210 228 2
50 229 2
242 230 2
234 231 1
146 232 1
246 232 1
515 232 1
534 232 2
146 233 1
135 234 1
220 235 1
241 235 3
162 236 1
220 237 1
157 238 1
525 239 2
139 240 2
479 240 2
193 241 1
195 241 1
253 241 1
263 241 1
522 241 1
264 242 1
182 243 1
381 244 1
421 244 2
450 244 4
268 245 1
276 245 1
122 246 1
411 247 1
147 248 1
260 248 1
295 248 1
329 248 2
22 249 1
80 249 1
39 250 1
276 250 1
119 251 1
257 251 1
381 251 1
76 252 1
107 253 1
166 253 1
205 253 2
214 253 1
235 253 1
256 253 3
275 253 4
286 253 1
313 253 1
332 253 1
535 253 1
11 254 1
78 254 1
352 254 1
95 255 1
210 255 2
256 255 2
508 255 1
522 255 2
527 255 1
278 256 2
94 257 1
279 257 1
310 258 2
524 258 2
235 259 1
280 259 7
454 259 1
15 260 1
206 260 2
300 260 1
238 261 1
396 262 1
164 263 1
185 264 4
393 265 3
447 265 1
91 266 1
117 266 1
513 266 1
38 267 1
110 268 1
180 268 1
415 268 1
13 269 1
150 270 1
170 270 1
231 270 3
116 271 1
196 271 3
204 272 1
293 272 1
314 272 1
372 272 3
84 273 1
96 273 1
235 273 1
248 273 1
272 273 1
312 273 1
330 273 1
10 274 1
80 274 1
141 274 1
156 274 1
213 274 1
217 274 2
247 274 1
258 274 1
293 275 4
317 275 1
461 275 2
331 276 1
235 277 1
206 278 1
235 278 2
336 278 1
463 279 1
94 280 1
127 280 2
149 281 1
314 281 1
335 281 1
347 281 1
220 282 1
246 282 1
510 282 1
290 283 1
297 283 2
301 283 1
306 283 2
321 283 2
204 284 1
497 284 1
235 285 2
297 285 2
305 285 2
449 285 1
510 285 1
534 285 3
348 286 2
4 287 1
272 287 1
46 288 1
204 288 1
316 288 1
96 289 1
326 289 1
339 289 1
295 290 1
315 290 1
322 290 1
196 291 1
373 291 1
96 292 1
291 292 1
311 292 1
324 292 1
144 293 1
373 294 1
21 295 2
96 295 1
147 295 1
318 295 1
340 295 1
7 296 1
69 296 1
96 296 1
156 296 1
303 296 1
318 296 1
462 296 1
11 297 1
298 297 1
335 297 1
459 298 2
316 299 1
340 299 1
7 300 2
465 300 1
248 301 1
486 301 1
362 302 1
373 302 1
301 303 1
321 303 1
75 304 1
147 304 1
271 304 1
364 304 1
321 305 1
322 306 1
326 306 1
291 307 3
312 307 1
313 307 1
324 307 1
328 307 1
330 307 1
384 307 1
460 307 1
304 308 1
312 308 2
316 308 1
322 308 2
491 308 1
505 308 1
522 308 3
72 309 1
324 309 1
339 309 1
364 309 1
302 310 1
318 310 1
201 311 1
302 311 3
309 311 1
223 312 1
309 312 2
324 312 1
328 312 1
308 313 1
313 313 1
318 313 1
447 313 1
451 313 4
47 314 1
271 314 1
292 314 1
295 314 1
359 314 2
122 315 1
312 315 2
315 315 1
331 316 2
335 316 2
179 317 1
339 317 1
143 318 1
214 318 1
272 319 1
318 319 1
203 320 1
377 320 1
490 320 2
332 321 1
335 321 4
94 322 1
199 322 1
234 322 1
326 322 1
373 323 1
26 324 1
145 324 2
199 324 1
313 324 1
358 324 2
273 325 1
399 326 1
356 327 1
311 328 2
316 328 1
318 328 2
343 328 1
342 329 1
302 330 1
359 330 1
118 331 1
319 332 1
201 333 1
356 333 1
123 334 1
264 334 3
377 334 1
294 335 2
166 336 1
499 336 1
161 337 1
299 338 1
339 338 1
327 339 1
357 339 1
374 339 1
449 339 2
491 339 1
12 340 1
285 341 1
92 342 1
26 343 1
449 343 1
54 344 1
72 344 1
83 344 1
173 344 1
184 344 1
190 345 3
11 346 1
204 346 1
312 346 1
384 346 1
459 346 1
534 346 1
353 347 2
323 348 1
195 349 1
355 349 2
490 349 1
94 350 1
462 350 1
223 351 1
272 351 2
307 351 1
485 351 1
324 352 1
330 352 1
339 352 1
360 352 1
361 353 2
322 354 1
330 354 1
206 355 2
238 355 2
365 356 4
382 356 2
429 356 1
229 357 1
20 358 1
169 358 1
171 358 1
54 359 3
276 359 1
350 359 1
369 359 6
250 360 1
502 360 1
534 361 2
77 362 1
367 362 1
337 363 1
318 364 1
205 365 1
297 365 1
110 366 1
238 366 1
210 367 1
123 368 1
151 368 1
383 368 1
427 368 1
183 369 1
290 369 3
160 370 1
72 371 1
111 371 2
163 371 2
168 371 3
382 371 3
442 371 1
445 371 4
228 372 3
382 372 1
383 372 3
153 373 1
155 373 1
387 374 2
446 374 1
471 374 2
198 375 1
412 375 1
504 376 1
45 377 1
195 377 1
361 377 1
508 377 1
7 378 1
72 378 1
85 378 1
138 379 1
415 379 2
431 379 1
500 379 1
6 380 1
203 380 1
54 381 1
154 381 1
125 382 1
146 382 1
249 382 1
8 383 2
385 383 1
405 383 1
484 383 1
158 384 2
401 384 2
418 384 2
500 385 1
284 386 4
396 386 1
398 386 1
477 386 1
102 387 1
163 387 1
382 387 3
391 388 1
60 389 3
81 389 1
442 389 1
346 390 1
512 390 1
387 391 1
175 392 3
399 392 1
456 392 1
24 393 1
396 393 1
426 393 1
440 393 1
422 394 2
446 394 1
481 394 1
99 395 1
382 395 1
400 396 1
428 397 1
432 397 1
446 397 1
434 398 1
469 398 1
482 398 1
496 398 1
450 399 1
522 399 1
279 400 1
391 400 1
409 400 1
428 400 1
517 400 1
525 400 1
526 400 1
422 401 1
443 401 1
446 401 1
24 402 1
116 402 1
382 402 1
388 402 1
419 402 1
478 402 2
411 403 2
116 404 1
388 404 1
407 404 1
410 404 1
442 404 1
493 405 1
344 406 2
428 406 1
474 406 1
206 407 1
188 408 1
39 409 1
186 409 1
421 409 1
115 410 1
141 411 1
490 412 1
399 413 2
467 414 1
135 415 1
476 415 1
187 416 1
377 417 2
421 417 2
115 418 1
422 419 1
434 419 1
523 419 2
90 420 1
130 420 2
150 420 1
153 420 1
196 420 1
275 420 1
277 420 1
473 420 1
407 421 1
433 421 1
450 421 1
483 421 1
406 422 1
409 422 1
532 422 1
155 423 1
229 423 1
278 423 1
382 423 1
476 423 1
200 424 1
475 424 1
53 425 1
351 425 1
414 425 1
440 425 1
413 426 1
111 427 1
259 427 1
423 427 1
430 427 2
401 428 1
66 429 3
132 429 3
168 429 2
356 429 1
488 430 1
518 430 1
191 431 3
282 431 2
370 431 1
416 431 1
525 431 2
206 432 1
381 432 1
409 432 1
492 433 1
218 434 1
221 434 1
224 434 1
385 434 1
533 434 1
132 435 2
135 435 2
206 435 1
230 435 1
421 435 1
439 435 1
2 436 1
155 436 1
403 436 1
476 436 1
135 437 1
155 437 2
158 437 1
402 437 1
206 438 1
437 439 1
469 440 1
382 441 3
444 441 1
235 442 1
385 442 2
401 442 1
471 443 1
293 444 1
447 444 1
461 444 1
506 444 1
195 445 2
148 446 1
223 446 1
486 446 1
93 447 1
115 447 1
404 447 1
434 448 2
455 448 1
459 449 1
446 450 1
498 450 1
27 451 2
386 452 1
390 452 2
399 452 1
161 453 1
444 454 1
345 455 1
492 455 3
442 456 1
457 456 1
495 456 1
330 457 1
509 458 1
398 459 1
43 460 1
306 460 1
301 461 1
497 461 1
26 462 1
88 462 4
265 462 1
359 462 2
26 463 1
341 463 1
26 464 2
223 464 1
272 464 2
449 464 1
463 464 1
486 464 1
511 464 1
198 465 1
365 465 1
464 465 1
476 465 1
462 466 1
14 467 1
258 467 1
292 467 1
346 468 4
385 468 1
444 468 1
446 468 2
476 468 2
404 469 2
53 470 1
141 470 1
474 470 1
161 471 1
448 472 1
455 472 1
480 472 1
408 473 1
253 474 1
417 474 1
67 475 1
235 475 3
404 476 1
443 476 1
414 477 1
102 478 1
139 478 1
260 478 1
421 479 1
476 479 1
469 480 1
473 480 1
116 481 1
124 481 1
155 481 1
208 482 1
382 482 1
420 482 1
5 483 1
479 483 5
409 484 2
209 485 1
280 486 1
206 487 1
283 487 1
284 487 2
424 487 1
137 488 1
227 488 3
132 489 1
262 489 1
486 489 1
426 490 1
435 490 1
443 490 1
455 491 1
274 492 1
487 492 1
135 493 1
255 493 1
266 493 1
346 493 1
90 494 1
239 494 1
381 494 1
473 494 1
102 495 2
244 495 1
418 495 1
489 495 1
81 496 1
274 496 1
366 496 1
31 497 1
249 497 1
11 498 1
394 499 1
421 499 1
94 500 4
225 500 4
277 500 1
322 501 2
341 501 1
519 501 2
453 502 1
235 503 1
476 504 2
404 505 2
232 506 1
389 506 1
422 506 1
178 507 1
407 508 1
196 509 1
391 509 3
461 509 1
379 510 3
470 511 1
235 512 1
178 513 2
282 514 2
195 515 2
461 516 1
248 517 1
348 517 2
506 518 2
507 519 2
26 520 1
505 520 1
96 521 2
304 521 1
80 522 1
136 523 1
196 524 1
220 525 1
253 525 1
534 525 1
512 526 1
214 527 4
221 527 1
222 527 1
226 527 1
529 527 1
233 528 2
277 528 1
248 529 1
378 530 2
72 531 2
425 531 1
472 532 2
201 533 3
75 534 1
325 535 1
180 536 1
235 536 1
521 536 4
198 537 1
235 537 1
522 537 2
159 538 1
533 538 1
91 539 2
195 539 4
415 539 2
524 539 2
80 540 1
251 540 1
121 541 2
206 541 1
409 541 1
436 541 1
525 541 1
45 542 1
141 542 1
195 543 1
275 543 4
392 543 1
26 544 2
65 544 1
143 544 2
528 544 1
132 545 1
214 545 3
431 545 1
193 546 1
129 547 1
214 547 1
232 548 1
277 548 1
527 548 4
53 549 2
11 550 2
3 551 4
205 551 1
232 551 1
277 551 1
375 551 1
