14 1 1
6 2 7
165 3 1
12 4 2
37 4 1
48 4 1
51 4 2
62 4 1
153 4 1
207 4 1
216 4 1
253 4 1
369 4 1
10 5 1
271 5 1
371 5 2
60 6 17
65 6 1
173 6 2
34 7 1
179 8 1
9 9 1
17 9 1
127 9 1
412 9 4
229 10 1
38 11 1
230 12 1
231 12 1
232 12 6
318 12 3
383 12 8
157 13 1
285 14 1
203 15 1
95 16 1
131 17 1
379 17 1
128 18 1
173 18 1
24 19 1
60 20 1
120 20 1
390 20 1
33 21 1
47 21 1
118 21 4
256 22 1
280 22 1
9 23 1
48 24 1
47 25 1
134 25 2
231 25 15
4 26 1
192 26 1
41 27 1
58 27 2
104 27 1
24 28 1
52 28 1
122 28 3
160 28 1
173 28 1
176 28 3
290 28 2
102 29 1
139 29 1
309 29 1
230 30 1
267 30 1
41 31 2
73 31 1
85 31 6
106 31 4
147 31 1
170 31 1
334 31 4
32 32 1
285 32 1
31 33 1
47 33 2
137 34 1
83 35 1
398 35 3
308 36 1
104 37 1
221 37 1
257 37 1
272 37 1
311 37 1
11 38 2
211 39 1
389 39 1
70 40 1
218 41 1
217 42 1
273 43 3
54 44 1
297 44 1
284 45 1
138 46 1
178 46 2
411 46 1
172 47 1
74 48 1
172 48 1
229 49 1
254 49 2
391 49 1
116 50 1
335 50 1
103 51 1
167 51 2
173 51 1
326 52 3
186 53 1
93 54 1
148 54 2
156 54 1
11 55 1
117 56 1
410 57 1
99 58 1
373 58 1
265 59 1
9 60 1
43 60 1
68 61 1
127 61 1
171 61 1
304 62 4
2 63 1
9 63 13
148 63 1
13 64 1
143 64 2
49 65 1
37 66 1
167 66 1
232 66 2
267 66 1
22 67 17
100 67 1
144 67 1
173 67 5
176 67 1
224 67 1
411 67 1
73 68 1
389 68 2
74 69 1
158 69 1
263 70 1
139 71 1
123 72 1
78 73 1
276 73 1
158 74 2
174 74 1
218 75 1
1 76 1
268 76 1
345 77 1
356 77 1
56 78 1
9 79 1
21 79 1
69 80 1
263 80 1
282 80 3
14 81 1
123 82 1
202 82 1
357 83 1
400 83 4
378 84 3
119 85 3
333 86 3
143 87 4
96 88 1
190 88 1
139 89 1
161 89 2
209 89 1
276 89 2
340 90 1
23 91 1
406 91 1
92 92 1
411 92 1
4 93 1
210 93 1
229 94 1
348 95 19
115 96 6
172 96 2
226 96 1
403 96 1
101 97 1
296 97 1
333 97 11
358 97 9
408 97 2
153 98 1
280 99 1
76 100 1
176 100 1
266 101 3
177 102 1
205 103 1
113 104 1
108 105 2
152 105 1
172 105 1
262 105 1
73 106 1
118 106 2
44 107 2
157 107 1
194 107 1
247 107 1
273 107 1
290 107 1
299 107 2
320 107 3
23 108 5
172 108 1
22 109 1
138 109 1
225 109 1
228 109 1
350 109 1
395 109 2
86 110 1
181 110 1
366 110 1
383 110 4
284 111 1
326 112 1
135 113 1
79 114 2
43 115 1
118 115 2
412 115 4
119 116 1
288 116 2
343 116 7
360 116 1
154 117 2
250 117 1
402 117 5
327 118 1
23 119 5
55 119 4
96 119 1
150 119 1
201 119 1
175 120 1
66 121 1
231 121 2
15 122 1
20 122 3
22 122 2
146 122 1
220 122 1
225 122 2
276 123 2
183 124 1
394 124 1
117 125 1
119 125 1
34 126 1
137 127 1
61 128 1
75 129 4
135 129 2
400 130 2
90 131 1
123 131 1
143 132 2
218 132 1
237 132 1
46 133 1
172 133 1
309 133 2
400 133 1
406 133 1
139 134 1
162 134 1
333 134 1
140 135 1
143 135 2
358 135 1
402 135 2
82 136 1
113 136 1
141 136 2
149 136 1
263 136 7
9 137 2
110 137 18
202 137 1
291 137 1
139 138 10
143 138 1
146 138 2
233 138 1
277 138 9
324 138 1
337 138 1
412 138 9
329 139 1
412 139 1
39 140 1
103 140 2
212 140 1
245 140 1
252 140 1
255 140 1
166 141 1
53 142 1
64 142 1
76 142 1
97 142 2
213 142 1
313 142 1
320 142 1
326 142 1
334 142 1
337 142 3
9 143 1
51 143 1
18 144 1
108 145 4
63 146 2
63 147 4
308 148 1
25 149 2
137 149 2
191 149 1
340 149 1
36 150 1
208 150 2
300 150 1
98 151 1
50 152 4
67 152 2
108 152 2
114 152 4
164 152 1
66 153 1
133 153 1
138 154 1
177 154 1
35 155 1
400 155 1
146 156 1
170 156 1
172 156 1
87 157 1
192 157 1
238 157 2
129 158 1
52 159 1
230 159 1
73 160 1
10 161 1
103 161 1
124 161 1
115 162 1
125 162 1
293 163 2
379 163 1
126 164 1
280 164 1
108 165 1
144 165 1
281 166 1
331 166 8
182 167 1
126 168 1
77 169 1
138 169 2
161 169 3
177 169 1
405 169 14
154 170 2
362 170 1
405 170 1
405 171 2
197 172 16
50 173 2
98 173 1
326 173 1
109 174 1
283 175 1
372 176 2
88 177 1
162 177 2
166 177 1
333 178 3
189 179 1
321 180 1
323 180 1
385 180 1
121 181 1
400 182 1
50 183 1
38 184 2
45 184 1
54 184 11
246 184 1
205 185 1
240 186 5
8 187 1
123 187 1
193 187 1
345 187 2
368 187 7
384 187 5
237 188 2
4 189 1
59 189 1
129 189 1
206 190 3
250 190 1
326 191 2
158 192 1
392 193 1
20 194 18
40 194 1
196 194 1
237 194 4
336 194 1
400 194 3
126 195 2
283 196 1
41 197 1
139 197 1
206 198 1
164 199 1
258 200 1
325 200 1
378 200 1
105 201 1
143 201 3
71 202 1
143 203 1
261 203 3
279 203 1
397 204 1
234 205 2
259 206 1
277 206 1
42 207 2
184 208 1
220 208 3
351 209 1
221 210 1
248 210 1
8 211 1
243 211 1
38 212 1
349 212 1
250 213 1
265 213 1
235 214 1
239 215 1
16 216 1
103 216 1
222 216 1
237 216 2
387 216 2
245 217 1
265 217 1
163 218 1
16 219 2
170 219 1
242 220 1
278 220 2
221 221 3
225 222 2
245 222 1
143 223 1
246 223 1
249 224 1
226 225 1
227 225 1
382 225 1
228 226 1
239 226 1
259 226 1
260 226 1
241 227 1
254 227 1
353 228 4
29 229 1
236 229 1
249 229 1
353 229 2
244 230 1
200 231 1
200 232 1
238 233 1
126 234 1
257 234 1
56 235 1
72 235 1
194 235 1
280 235 7
298 235 1
320 235 8
367 235 5
254 236 1
259 236 1
264 236 1
200 237 1
287 237 2
89 238 1
407 239 1
408 239 1
254 240 2
346 240 1
260 241 1
132 242 1
314 243 1
325 243 2
243 244 1
254 244 1
396 244 1
248 245 3
275 245 1
344 245 4
26 246 1
286 246 1
243 247 1
150 248 1
159 248 1
9 249 1
111 249 1
84 250 1
107 250 1
180 250 1
200 251 1
220 251 1
36 252 1
145 252 1
169 252 1
151 253 2
353 254 8
280 255 1
188 256 1
237 256 1
286 257 1
287 257 1
390 258 1
348 259 1
27 260 4
44 260 1
51 260 2
125 260 2
92 261 1
224 261 2
411 261 6
261 262 5
380 263 1
243 264 1
393 264 1
412 264 2
85 265 8
112 265 3
113 265 1
324 265 1
208 266 1
238 266 1
259 267 10
73 268 2
161 268 1
30 269 1
135 269 1
15 270 1
106 271 1
130 272 1
365 272 1
133 273 1
185 273 1
285 273 10
352 274 1
355 275 1
303 276 2
202 277 1
136 278 1
341 278 4
399 278 1
194 279 2
204 279 1
409 279 1
270 280 1
106 281 1
295 281 2
332 281 2
296 282 2
299 282 1
404 282 1
403 283 1
292 284 3
314 285 4
102 286 2
311 287 1
306 288 5
310 288 2
195 289 1
68 290 1
364 291 1
360 292 1
335 293 6
78 294 2
312 294 1
108 295 1
315 296 2
385 297 1
80 298 1
352 298 1
299 299 1
411 299 7
155 300 1
50 301 1
127 301 1
134 302 2
158 302 10
110 303 1
208 303 1
359 304 1
394 304 2
57 305 1
326 305 1
368 305 1
294 306 2
135 307 1
281 307 1
302 308 1
313 309 8
364 309 1
339 310 1
127 311 2
333 311 3
408 311 1
307 312 1
374 313 1
303 314 1
347 315 1
377 316 1
131 317 1
315 317 1
198 318 1
205 318 1
263 318 2
294 318 1
383 318 1
13 319 1
381 320 1
306 321 1
313 321 1
166 322 1
305 323 1
384 324 1
354 325 1
28 326 1
168 327 1
296 327 1
236 328 1
412 328 1
3 329 1
328 329 2
303 330 2
255 331 1
94 332 1
347 333 2
286 334 1
352 335 1
251 336 1
19 337 2
71 337 1
199 337 2
243 337 2
330 338 1
363 339 1
360 340 1
91 341 1
194 341 2
242 341 2
286 341 1
400 341 1
388 342 1
335 343 1
361 343 1
385 343 1
292 344 2
365 344 1
67 345 1
156 345 1
306 345 2
131 346 1
141 347 1
301 347 3
59 348 1
316 349 1
368 350 2
278 351 1
338 352 2
376 353 1
79 354 1
319 355 1
213 356 2
291 356 1
370 356 1
96 357 2
404 358 1
375 359 1
168 360 1
282 360 1
337 361 1
219 362 1
263 362 2
301 362 6
378 362 2
289 363 1
400 363 1
404 363 1
22 364 1
225 364 1
316 364 1
355 364 3
302 365 1
368 366 1
81 367 1
228 368 1
272 368 1
241 369 2
269 370 1
278 370 1
386 370 1
177 371 1
289 372 2
130 373 1
5 374 1
9 374 1
142 374 1
412 374 1
39 375 1
274 375 1
342 375 1
412 375 1
137 376 1
404 377 1
172 378 1
28 379 1
104 379 1
273 379 1
378 380 2
161 381 1
172 382 1
223 383 5
326 384 1
136 385 1
322 385 1
337 385 1
147 386 1
214 386 1
326 386 5
143 387 1
402 387 1
7 388 1
317 389 1
401 389 1
404 389 1
23 390 1
85 390 1
86 390 1
92 390 1
96 390 1
157 390 1
215 390 1
344 390 1
379 390 1
187 391 1
237 391 1
143 392 1
333 393 1
408 393 1
68 394 1
409 394 1
313 395 1
320 396 1
