13 1 1
21 1 1
516 1 1
154 2 1
334 2 2
353 2 1
29 3 1
17 4 2
171 4 1
306 4 1
499 4 1
60 5 1
133 5 1
289 5 1
590 5 2
656 5 2
63 6 2
76 6 2
272 6 1
362 6 2
523 6 1
8 7 1
90 7 1
131 7 1
174 7 2
196 7 1
207 7 1
211 7 1
219 7 2
322 7 1
458 7 1
9 8 1
10 8 1
312 8 1
708 8 1
724 8 2
13 9 1
126 9 1
102 10 1
208 10 1
222 11 1
380 11 1
196 12 1
377 12 1
196 13 1
380 13 1
511 13 1
612 13 1
81 14 1
127 14 1
492 14 2
526 14 1
6 15 1
73 15 1
241 15 3
375 15 2
698 15 1
13 16 1
71 16 1
128 16 1
375 16 1
537 16 1
604 16 1
662 16 1
698 16 1
65 17 2
91 18 3
211 19 1
21 20 1
72 20 1
189 20 2
197 20 2
263 20 2
269 20 1
367 20 1
699 20 1
692 21 1
82 22 1
370 22 1
505 22 6
603 22 2
607 22 1
16 23 1
71 23 1
492 23 1
619 23 1
21 24 1
25 24 2
403 24 1
91 25 2
671 25 1
96 26 1
139 26 2
141 26 1
207 26 1
254 26 1
301 26 1
514 26 1
552 26 1
54 27 1
111 27 1
180 27 1
291 27 1
354 27 1
501 27 3
714 27 1
9 28 1
17 28 1
446 28 1
466 28 1
496 28 2
123 29 1
296 29 2
496 29 2
612 29 3
32 30 1
187 30 1
309 30 2
385 30 1
405 30 3
441 30 1
508 30 1
121 31 1
249 31 2
363 31 2
34 32 2
177 32 2
350 32 1
351 32 2
462 32 1
554 32 1
2 33 1
105 33 1
254 33 1
300 33 1
350 33 1
359 33 1
500 33 1
514 33 2
566 33 1
643 33 1
655 33 1
656 33 4
300 34 1
449 34 1
672 34 1
37 35 3
39 35 2
54 35 2
162 35 1
404 35 1
446 35 1
459 35 1
485 35 2
512 35 1
601 35 3
619 35 1
622 35 3
723 35 1
123 36 2
420 36 2
100 37 1
10 38 1
29 38 1
57 38 1
329 38 1
367 38 2
471 38 1
476 38 1
608 38 1
12 39 1
27 39 1
178 39 1
297 39 1
76 40 1
198 40 1
335 40 1
92 41 1
131 41 1
6 42 1
37 42 1
43 42 1
97 42 1
118 42 1
121 42 1
187 42 1
390 42 1
394 42 1
492 42 1
612 42 1
42 43 1
44 43 3
234 43 1
307 43 1
572 43 1
45 44 1
87 44 2
168 44 1
241 44 3
304 44 4
722 44 1
46 45 1
67 45 1
194 45 1
296 46 2
49 47 1
54 48 1
63 48 2
91 48 4
155 48 1
197 48 1
703 48 2
13 49 1
356 49 1
505 50 2
275 51 1
297 51 1
314 51 1
33 52 2
341 52 1
423 52 1
476 52 2
499 52 1
650 52 3
147 53 1
170 53 1
354 53 1
490 53 1
44 54 1
172 54 1
661 54 1
74 55 1
179 55 1
220 55 1
335 55 1
363 55 7
366 55 5
367 55 1
484 55 2
651 55 1
724 55 1
68 56 1
84 56 1
270 56 1
302 56 1
319 56 1
696 56 1
30 57 1
37 57 1
51 57 1
54 57 1
57 57 1
303 57 1
407 57 2
492 57 2
17 58 2
166 58 2
177 58 5
231 58 7
256 58 1
335 58 3
212 59 1
17 60 2
121 60 1
140 60 1
255 60 1
358 60 1
416 60 1
71 61 1
295 61 1
343 61 2
377 61 1
711 61 1
4 62 1
11 62 1
141 62 1
687 62 1
329 63 1
82 64 1
345 64 1
469 64 1
175 65 4
4 66 1
189 66 1
718 66 1
102 67 1
333 67 1
468 67 1
40 68 1
68 68 2
101 68 1
224 68 1
264 68 1
280 68 1
303 68 1
309 68 1
508 68 1
554 68 1
630 68 1
670 68 4
698 68 1
713 68 1
97 69 1
332 69 1
27 70 4
75 70 1
236 70 2
21 71 1
120 71 1
197 71 2
200 71 1
239 71 2
243 71 1
307 71 1
398 71 1
690 71 1
1 72 1
72 72 1
88 72 1
100 72 2
253 72 1
316 72 1
476 72 1
493 72 1
87 73 1
221 73 2
505 73 1
37 74 1
68 74 1
87 74 1
250 74 2
255 74 1
280 74 1
304 74 1
690 74 1
721 74 1
157 75 1
220 75 2
17 76 1
132 76 1
205 76 1
231 76 2
252 76 1
266 76 3
301 76 2
363 76 2
527 76 1
560 76 1
563 76 2
333 77 2
377 77 1
78 78 5
121 78 1
161 78 2
178 78 1
180 78 1
250 78 1
255 78 1
676 78 1
720 78 1
93 79 1
216 79 1
309 79 1
721 79 1
255 80 3
331 80 1
636 80 1
166 81 1
280 81 1
13 82 2
104 82 1
288 82 1
333 82 1
604 82 1
68 83 1
251 83 2
261 83 1
280 83 1
686 83 1
142 84 1
177 84 1
180 84 1
182 84 2
293 84 1
335 84 1
366 84 1
367 84 1
662 84 1
333 85 1
23 86 1
44 86 1
45 86 1
87 86 1
121 86 1
160 86 1
247 86 1
335 86 1
344 86 1
361 86 1
499 86 1
505 86 1
559 86 1
636 86 1
88 87 2
114 87 1
126 87 1
188 87 1
200 87 1
21 88 1
94 88 1
333 88 1
124 89 2
254 89 1
342 89 1
551 89 1
91 90 1
282 90 1
321 90 1
339 90 1
6 91 1
40 91 1
42 91 1
50 91 3
92 91 2
220 91 1
278 91 1
287 91 1
318 91 1
93 92 1
309 92 1
361 92 1
488 92 1
94 93 1
10 94 1
211 94 1
333 94 1
451 94 1
199 95 1
301 95 2
97 96 2
280 96 3
98 97 2
139 97 2
174 97 1
81 98 1
91 99 1
151 99 1
162 99 1
241 99 1
295 99 1
485 99 2
608 99 1
32 100 1
164 100 1
167 100 1
469 100 1
693 100 1
714 100 3
27 101 1
35 101 1
71 101 1
249 101 2
411 101 1
723 101 1
103 102 1
256 102 1
362 102 1
34 103 4
44 103 2
92 103 2
104 103 4
141 103 4
174 103 2
176 103 1
304 103 2
658 103 1
119 104 1
207 104 1
352 104 1
373 104 3
106 105 1
160 105 1
197 105 1
18 106 1
71 106 1
264 106 1
437 106 1
87 107 1
108 107 1
123 107 1
128 107 1
211 107 1
369 107 1
448 107 1
140 108 1
181 108 1
248 108 2
379 108 1
27 109 1
324 109 1
656 109 1
53 110 1
60 110 1
88 110 1
215 110 2
251 110 2
259 110 1
290 110 1
295 110 1
466 110 2
485 110 1
636 110 1
711 110 3
434 111 1
120 112 1
719 113 1
24 114 1
65 114 1
67 114 1
127 114 1
312 114 1
133 115 2
196 115 1
555 115 4
58 116 1
197 116 2
363 116 1
379 116 1
447 116 2
612 116 1
13 117 1
188 117 1
200 117 1
225 117 1
435 117 1
188 118 1
193 119 1
196 119 3
205 119 1
254 119 1
267 119 1
336 119 1
473 119 1
236 120 2
368 120 1
65 121 2
127 121 2
137 121 1
148 121 1
211 121 1
255 121 2
426 121 1
505 121 1
612 121 3
662 121 1
707 121 1
113 122 1
220 122 1
403 122 1
9 123 2
206 123 1
223 123 1
291 123 4
296 123 2
354 123 1
385 123 2
410 123 1
485 123 1
601 123 1
622 123 2
682 123 1
687 123 1
567 124 1
654 124 1
121 125 1
123 125 2
125 125 7
393 125 1
445 125 1
492 125 1
293 126 1
446 126 1
609 126 1
375 127 2
443 127 1
689 127 1
693 127 1
2 128 2
82 128 1
353 128 2
460 128 1
534 128 1
129 129 1
164 129 1
248 129 1
293 129 1
708 129 1
60 130 1
69 130 1
108 130 1
233 130 1
91 131 1
119 131 2
149 131 1
252 131 1
254 131 4
348 131 3
460 131 1
475 131 1
498 131 3
534 131 2
558 131 4
637 131 2
695 131 1
714 132 1
5 133 1
68 133 1
116 133 1
134 133 5
135 133 1
178 133 1
216 133 1
248 133 1
250 133 1
258 133 1
261 133 2
281 133 1
284 133 1
333 133 1
344 133 2
361 133 2
712 133 1
718 133 1
543 134 1
658 134 1
68 135 1
76 135 1
80 135 1
248 135 1
525 135 1
641 135 5
68 136 1
136 136 2
164 136 1
270 136 1
495 136 1
500 136 1
128 137 1
164 137 2
194 137 1
200 137 1
212 137 1
250 137 1
302 137 2
309 137 1
368 137 1
369 137 1
555 137 4
560 137 1
720 137 2
151 138 2
677 138 2
213 139 1
289 139 1
305 139 1
340 139 1
500 139 1
515 139 1
68 140 1
289 140 1
720 140 1
44 141 1
111 141 1
153 141 1
514 141 3
658 141 1
142 142 1
92 143 1
143 143 2
359 143 1
10 144 1
65 144 1
181 144 4
216 144 1
231 144 1
247 144 1
248 144 1
266 144 1
279 144 1
293 144 1
335 144 1
363 144 1
612 144 2
689 144 2
716 144 1
333 145 1
507 145 1
595 145 1
149 146 3
177 146 2
519 146 1
531 146 1
110 147 1
254 147 1
299 147 1
309 147 2
45 148 1
295 148 1
316 148 1
689 148 2
73 149 1
157 149 1
368 149 1
656 149 1
163 150 1
213 150 1
458 150 1
88 151 1
352 151 2
104 152 2
36 153 1
641 153 1
157 154 3
193 154 1
236 154 2
309 154 1
314 154 1
544 154 1
295 155 1
158 156 1
257 156 2
337 156 1
462 156 1
473 156 1
545 156 1
594 156 3
641 156 1
658 156 1
5 157 1
157 157 1
500 157 1
58 158 1
144 158 1
255 158 1
335 158 1
37 159 2
99 160 1
104 160 1
301 160 1
494 160 1
495 160 1
517 160 1
572 160 1
76 161 1
164 161 5
261 161 1
266 161 1
589 161 1
35 162 2
205 162 1
273 162 1
633 162 1
662 162 1
601 163 1
236 164 1
321 164 1
68 165 2
93 165 1
104 165 1
154 165 1
169 165 2
341 166 1
68 167 1
137 167 1
164 167 1
264 167 1
708 167 1
152 168 1
199 168 1
267 168 1
374 168 1
529 168 2
128 169 1
262 169 1
330 169 1
358 169 1
458 169 2
645 169 1
64 170 2
266 170 1
598 170 1
155 171 1
171 171 1
371 171 2
568 171 1
609 171 2
104 172 3
151 172 1
274 172 1
277 172 4
37 173 3
161 173 1
236 173 1
237 173 3
343 173 6
97 174 1
179 174 3
289 174 2
331 174 4
51 175 1
58 175 1
108 175 1
116 175 2
181 175 1
200 175 2
212 175 1
255 175 2
333 175 2
406 175 1
506 175 1
180 176 1
255 176 1
71 177 1
279 177 1
335 177 1
183 178 2
200 178 1
363 178 1
636 178 1
184 179 2
230 179 2
308 179 2
522 179 1
9 180 1
80 180 1
97 180 1
235 180 1
272 180 1
393 180 1
408 180 3
420 180 1
443 180 1
458 181 1
31 182 1
184 182 1
187 182 2
230 182 1
255 182 1
280 182 1
304 182 1
306 182 1
420 182 1
431 182 2
343 183 1
671 183 1
31 184 1
66 184 1
111 184 1
189 184 1
14 185 1
29 185 1
38 185 1
64 185 2
187 185 2
259 185 1
291 185 1
347 185 1
354 185 1
385 185 1
410 185 1
429 185 1
436 185 1
474 185 1
485 185 1
489 185 1
516 185 1
671 185 1
103 186 2
108 186 1
186 186 1
362 186 3
164 187 1
318 187 1
170 188 1
194 189 1
196 189 4
35 190 2
119 190 3
165 190 1
268 190 2
104 191 2
177 191 1
214 191 3
237 191 2
425 191 1
492 191 1
577 191 1
695 191 1
702 191 1
63 192 1
197 192 2
173 193 1
199 193 1
202 193 1
300 193 2
309 193 2
359 193 1
545 193 1
557 193 1
563 193 2
585 193 1
38 194 2
97 194 2
116 194 1
144 194 1
151 194 1
180 194 2
211 194 1
231 194 1
407 194 2
473 194 1
636 194 1
96 195 2
214 195 2
641 195 2
668 195 2
714 195 2
105 196 1
145 196 2
246 196 1
254 196 2
90 197 1
151 197 1
238 197 1
309 197 1
500 197 1
538 197 1
28 198 1
127 198 1
136 198 1
188 198 1
164 199 1
204 199 1
205 199 3
252 199 1
320 199 2
376 199 1
517 199 1
617 199 1
646 199 1
140 200 2
270 200 1
469 200 1
566 200 1
612 200 1
724 200 1
28 201 1
68 201 1
119 201 1
156 201 1
196 201 2
207 201 3
237 201 1
254 201 1
357 201 1
461 201 1
514 201 1
539 201 1
8 202 1
43 202 2
230 202 1
473 202 1
508 202 2
636 202 1
322 203 1
341 203 1
650 203 1
104 204 2
45 205 2
151 205 1
211 205 3
255 205 2
343 205 2
350 205 1
363 205 1
368 205 1
438 205 3
720 205 1
188 206 1
325 206 1
367 206 1
2 207 1
35 207 1
115 207 1
155 207 1
233 207 1
255 207 3
374 207 2
196 208 1
302 208 3
460 208 2
473 208 1
13 209 1
17 209 1
63 209 3
215 209 3
386 209 1
468 209 1
134 210 1
216 210 1
231 210 1
279 210 1
343 210 2
366 210 1
720 210 1
107 211 1
130 211 1
218 211 1
248 211 1
333 211 1
492 211 1
560 211 1
27 212 1
103 212 1
174 212 2
246 212 1
352 212 1
362 212 1
661 212 1
27 213 1
306 213 2
321 213 1
527 213 1
23 214 1
108 214 1
275 214 1
5 215 3
76 215 1
121 215 1
128 215 1
154 215 1
164 215 1
173 215 4
203 215 1
205 215 1
246 215 4
309 215 1
311 215 2
359 215 1
544 215 1
91 216 1
344 216 1
68 217 2
176 217 1
183 217 1
246 217 1
248 217 2
258 217 2
264 217 1
269 217 1
492 217 2
546 217 4
589 217 1
51 218 1
398 219 3
499 219 1
247 220 2
363 220 1
416 220 1
368 221 1
713 221 2
32 222 3
142 222 2
485 222 2
512 222 1
622 222 3
178 223 4
216 223 2
224 223 3
231 223 13
304 223 2
309 223 2
335 223 4
365 223 3
555 223 1
603 223 1
708 223 3
711 223 2
47 224 1
71 224 1
97 224 1
485 224 1
496 224 3
81 225 1
358 226 1
691 226 1
148 227 1
473 227 1
517 227 3
557 227 2
138 228 1
155 228 1
238 228 1
280 228 1
508 228 1
666 228 1
26 229 1
601 229 1
659 230 2
55 231 1
61 231 1
85 231 1
241 231 1
250 231 1
290 232 2
69 233 1
175 233 1
215 233 1
243 233 1
310 233 1
356 233 1
601 233 1
603 233 1
692 233 1
98 234 1
143 234 1
153 234 1
244 234 1
515 234 1
124 235 1
252 235 1
348 235 1
71 236 1
104 236 2
110 236 1
176 236 1
258 236 2
280 236 1
289 236 1
343 236 1
630 236 1
641 236 1
100 237 1
159 237 1
201 237 1
323 237 1
374 237 1
460 237 1
649 237 2
76 238 1
290 238 1
333 238 1
13 239 1
49 239 1
248 239 2
264 239 1
333 239 1
335 239 5
378 239 1
466 239 1
523 239 1
670 239 1
715 239 1
249 240 1
283 240 2
102 241 1
190 241 1
212 241 5
216 241 1
231 241 3
247 241 1
331 241 1
333 241 1
351 241 1
369 241 1
525 241 1
4 242 2
13 242 1
231 242 3
325 242 3
367 242 1
34 243 1
145 243 1
205 243 3
127 244 2
446 244 1
90 245 1
595 245 1
55 246 2
107 246 1
120 246 1
160 246 1
179 246 1
180 246 1
184 246 1
187 246 3
255 246 9
290 246 1
293 246 1
302 246 2
416 246 1
555 246 1
636 246 2
711 246 1
81 247 3
194 247 3
244 247 5
256 247 1
195 248 1
425 248 1
134 249 1
37 250 1
60 250 2
78 250 1
179 250 1
190 250 1
259 250 1
354 250 1
356 250 1
366 250 2
384 250 3
387 250 1
410 250 1
416 250 2
438 250 1
493 250 1
598 250 3
608 250 1
714 250 2
196 251 1
215 251 1
508 251 2
76 252 1
134 252 2
182 252 1
250 252 1
251 252 1
255 252 3
309 252 2
104 253 3
187 253 1
205 253 1
448 253 1
637 253 1
81 254 1
151 255 3
177 255 1
186 255 1
370 255 1
374 255 3
492 255 1
508 255 2
573 255 1
607 255 1
662 255 2
63 256 1
104 256 2
297 256 1
403 256 3
154 257 1
492 257 1
544 257 1
34 258 2
200 258 1
211 258 1
214 258 1
257 258 1
645 258 1
145 259 1
514 259 1
205 260 1
248 260 1
317 260 2
344 260 1
371 260 1
686 260 1
74 261 1
97 261 1
101 261 1
255 261 1
96 262 1
122 262 1
173 262 1
196 262 1
266 262 1
271 262 6
359 262 1
10 263 2
164 263 1
293 263 2
190 264 1
724 264 1
82 265 1
227 266 2
275 266 2
2 267 1
462 267 1
518 267 1
519 267 1
599 267 4
614 267 1
104 268 2
277 268 2
318 268 1
353 268 1
10 269 1
179 269 1
180 269 1
250 269 1
255 269 2
363 269 1
492 269 1
697 269 1
120 270 2
224 270 4
251 270 3
289 270 5
331 270 1
347 270 2
137 271 1
180 271 1
197 271 1
214 271 3
248 271 1
250 271 2
264 271 1
281 271 1
293 271 1
309 271 4
341 271 1
361 271 1
381 271 2
677 271 1
275 272 1
358 272 1
191 273 1
692 274 2
116 275 1
179 275 1
363 275 1
686 275 1
144 276 1
162 276 1
242 276 1
306 276 1
559 276 1
714 276 1
337 277 1
122 278 2
354 278 1
446 278 1
52 279 1
281 279 1
378 279 1
630 279 1
701 279 1
10 280 1
104 280 1
123 280 1
228 280 2
255 280 1
290 280 1
333 280 1
349 280 1
190 281 2
259 281 1
291 281 2
417 281 1
454 281 1
9 282 1
141 282 1
147 282 1
197 282 2
200 282 1
203 282 1
236 282 1
286 282 2
333 282 2
499 282 1
612 282 2
708 282 2
42 283 5
83 283 1
104 283 1
205 283 3
225 284 2
234 284 1
284 284 1
316 284 1
325 284 1
341 284 1
423 284 1
446 284 1
605 284 1
77 285 1
225 285 1
67 286 1
111 286 1
285 286 1
296 286 2
476 286 1
7 287 2
27 287 2
103 287 1
226 287 1
234 287 1
297 287 1
357 287 1
448 287 1
467 287 1
205 288 1
360 288 1
460 288 1
145 289 1
238 289 1
336 289 1
359 289 1
458 289 1
528 289 1
656 289 1
700 289 1
195 290 2
573 290 1
649 290 2
673 290 1
180 291 1
250 291 1
309 291 1
318 291 3
689 292 1
293 293 1
379 293 2
724 293 1
141 294 1
152 294 1
572 294 1
638 294 1
677 294 1
145 295 1
306 295 1
335 295 2
341 295 2
499 295 2
708 295 2
407 296 1
583 296 1
112 297 1
115 297 1
128 297 1
151 297 1
164 297 1
197 297 2
200 297 1
255 297 1
309 297 3
353 297 2
492 297 1
505 297 1
509 297 2
554 297 1
692 297 2
708 297 1
710 297 1
243 298 1
159 299 1
213 299 1
264 299 1
460 299 1
597 299 2
641 299 1
182 300 1
196 300 1
272 300 1
304 300 1
312 300 1
368 300 2
214 301 1
352 302 1
549 302 1
57 303 1
107 303 1
114 303 1
118 303 1
179 303 1
189 303 1
242 303 2
316 303 1
329 303 1
349 303 1
446 303 1
485 303 1
501 303 1
691 303 1
699 303 1
10 304 1
108 304 1
140 304 2
183 304 1
214 304 1
281 304 2
381 304 1
441 304 1
480 304 1
720 304 2
714 305 1
127 306 3
211 306 4
304 306 1
318 306 1
492 306 1
104 307 1
282 307 1
319 307 4
138 308 2
274 308 2
320 308 1
337 308 3
376 308 1
516 308 1
220 309 1
60 310 1
78 310 2
283 310 1
149 311 1
326 312 2
698 312 2
327 313 1
360 313 3
458 313 1
467 313 1
15 314 1
58 314 6
351 314 1
200 315 3
217 315 1
501 315 1
601 315 1
689 315 1
723 315 2
199 316 1
244 317 1
514 317 2
177 318 2
178 318 1
320 318 2
330 318 1
219 319 1
45 320 2
76 320 2
135 320 1
142 320 1
211 320 1
306 320 1
343 320 1
155 321 1
127 322 2
39 323 1
53 323 2
63 323 1
108 323 1
116 323 2
212 323 1
239 323 1
259 323 1
306 323 1
362 323 2
378 323 1
703 323 4
161 324 1
352 324 1
369 324 1
98 325 2
139 325 1
207 325 1
292 325 1
467 325 1
515 325 1
564 325 1
207 326 2
330 327 3
30 328 1
58 328 2
101 328 1
228 328 3
309 328 4
699 328 1
93 329 1
111 330 1
189 330 1
194 330 2
199 330 2
344 330 3
438 330 2
722 330 1
197 331 1
204 331 2
210 331 1
214 331 1
248 331 1
250 331 2
273 331 1
309 331 2
333 331 1
487 331 1
606 331 1
711 331 1
293 332 1
111 333 1
230 333 2
390 333 1
410 333 1
651 333 1
105 334 1
123 334 1
159 334 1
320 334 2
348 334 1
359 334 1
714 334 1
100 335 1
333 335 1
98 336 1
597 336 1
616 336 4
641 336 1
208 337 1
40 338 1
215 338 2
266 338 1
362 338 2
564 338 1
252 339 1
359 339 1
601 340 1
54 341 1
88 341 1
134 341 1
187 341 1
223 341 1
230 341 1
354 341 1
356 341 1
378 341 1
489 341 1
499 341 1
698 341 1
8 342 1
357 342 1
467 342 1
303 343 1
345 343 1
157 344 2
143 345 1
154 345 1
196 345 1
257 345 1
274 345 1
309 345 1
318 345 1
320 345 1
373 345 1
448 345 1
641 345 4
649 345 1
673 345 1
44 346 1
96 346 1
132 346 1
178 346 1
313 346 3
360 346 7
662 346 2
54 347 1
72 347 1
84 347 1
95 347 2
121 347 1
166 347 1
174 347 2
200 347 1
255 347 1
319 347 1
341 347 1
347 347 1
356 347 1
361 347 5
363 347 1
454 347 1
456 347 1
612 347 1
720 347 1
92 348 2
123 348 1
128 348 1
214 348 2
246 348 1
267 348 2
362 348 7
368 348 1
448 348 1
458 348 2
467 348 4
564 348 1
13 349 1
27 349 1
76 349 1
206 349 1
228 349 2
250 349 2
290 349 1
335 349 2
361 349 1
363 349 1
367 349 2
420 349 1
443 349 1
707 349 2
720 349 1
529 350 1
68 351 1
104 351 1
171 351 1
248 351 2
267 351 3
518 351 1
531 351 1
544 351 1
586 351 1
694 351 1
255 352 1
302 352 1
366 352 1
290 353 2
686 353 1
56 354 1
229 354 1
471 354 1
23 355 1
127 355 1
272 355 1
323 355 1
565 355 3
612 355 3
714 355 1
717 355 1
20 356 2
91 356 1
236 356 1
321 356 1
398 356 1
164 357 2
204 357 1
371 357 1
458 357 1
500 357 1
570 357 2
671 357 1
505 358 1
76 359 1
133 359 1
167 359 1
374 359 1
376 359 1
473 359 1
478 359 1
19 360 2
220 360 1
310 360 1
597 361 1
714 361 1
18 362 1
22 362 1
142 362 1
150 362 1
275 362 1
79 363 1
199 363 1
318 363 2
363 363 1
378 363 2
585 363 1
715 363 1
405 364 1
140 365 1
270 365 1
458 365 1
509 365 1
720 365 1
93 366 1
161 366 1
203 366 1
280 366 1
294 366 1
306 366 1
317 366 1
367 366 1
381 366 1
473 366 1
518 366 1
708 366 2
721 366 1
55 367 3
56 367 1
116 367 1
180 367 1
250 367 1
261 367 2
344 367 2
382 367 2
508 367 2
708 367 2
139 368 1
195 368 1
207 368 2
305 368 1
640 368 1
645 368 2
37 369 1
54 369 1
72 369 1
120 369 1
184 369 1
185 369 1
295 369 1
341 369 1
384 369 1
390 369 2
418 369 3
479 369 1
492 369 1
598 369 2
636 369 1
228 370 1
385 370 2
390 370 1
442 370 1
443 370 1
464 370 1
476 370 1
487 370 1
620 370 1
54 371 1
69 371 1
451 371 3
493 371 1
704 371 1
3 372 1
225 372 2
272 372 2
291 372 1
354 372 3
387 372 3
416 372 3
418 372 1
423 372 3
429 372 1
435 372 1
437 372 1
438 372 1
465 372 2
680 372 2
390 373 1
396 373 3
399 373 1
464 373 1
486 373 1
491 373 1
408 374 1
58 375 1
94 375 1
121 375 1
187 375 1
231 375 1
243 375 2
255 375 1
259 375 2
290 375 1
291 375 1
386 375 1
423 375 1
435 375 1
443 375 1
452 375 1
627 375 1
636 375 2
32 376 1
107 376 1
180 376 1
255 376 1
259 376 2
291 376 1
354 376 1
356 376 1
385 376 1
391 376 1
394 376 1
486 376 1
493 376 2
636 376 1
127 377 1
393 377 1
406 377 1
714 377 1
724 377 1
18 378 1
26 378 1
218 378 1
255 378 1
390 378 2
399 378 2
425 378 1
636 378 2
43 379 3
125 379 1
187 379 2
259 379 1
390 379 3
401 379 1
425 379 1
395 380 2
470 380 1
190 381 3
395 381 1
27 382 1
59 382 1
83 382 1
92 382 3
328 382 2
7 383 1
20 383 5
27 383 2
58 383 1
75 383 1
117 383 1
211 383 1
220 383 1
226 383 2
266 383 1
309 383 2
316 383 1
466 383 1
472 383 1
642 383 1
92 384 1
123 384 1
178 384 1
185 384 1
187 384 1
391 384 2
399 384 1
453 384 1
704 384 2
37 385 1
387 385 1
400 385 3
429 385 1
451 385 1
504 385 2
624 385 2
682 385 2
187 386 1
218 386 1
394 386 1
411 386 1
418 386 3
429 386 1
452 386 1
491 386 1
503 386 1
80 387 1
390 387 1
402 387 1
418 387 1
428 387 1
429 387 1
20 388 1
24 388 2
33 388 2
83 388 1
91 388 1
692 388 1
723 388 1
18 389 1
198 389 1
230 389 1
407 389 1
503 389 1
512 389 1
107 390 2
121 390 2
182 390 1
291 390 1
486 390 1
686 390 3
47 391 1
157 391 1
178 391 1
247 391 1
386 391 1
406 391 2
423 391 1
485 391 1
507 391 1
512 391 1
619 391 1
671 391 1
89 392 1
407 392 3
446 392 1
512 392 1
418 393 6
423 393 1
510 393 1
60 394 1
123 394 1
384 394 6
451 394 1
408 395 1
416 395 2
418 395 2
429 395 1
431 395 1
444 395 2
446 395 1
453 395 1
464 395 1
1 396 1
82 396 1
230 396 2
416 396 1
423 396 1
424 396 1
428 396 1
429 396 3
431 396 1
433 396 1
434 396 2
438 396 1
504 396 1
598 396 1
624 396 1
123 397 1
386 397 1
397 397 1
400 397 1
423 397 1
456 397 1
459 397 1
598 397 1
618 397 1
650 397 1
416 398 1
429 398 1
452 398 1
456 398 2
469 398 2
504 398 1
624 398 1
444 399 1
704 400 1
343 401 1
396 401 1
413 401 1
457 401 1
414 402 1
396 403 1
438 403 1
439 403 1
464 403 2
484 403 2
486 403 1
510 403 1
685 403 1
97 404 1
255 404 3
259 404 3
291 404 1
347 404 2
385 404 1
389 404 1
413 404 1
416 404 2
420 404 1
423 404 1
429 404 1
436 404 3
489 404 1
704 404 1
31 405 1
37 405 1
67 405 1
78 405 1
123 405 1
259 405 1
416 405 1
431 405 1
503 405 2
13 406 1
32 406 1
107 406 1
185 406 1
187 406 1
196 406 1
285 406 1
384 406 1
391 406 1
416 406 1
438 406 1
450 406 1
714 406 1
363 407 1
388 407 1
415 407 1
107 408 1
178 408 1
255 408 1
384 408 1
400 408 2
408 408 2
426 408 1
437 408 1
438 408 1
444 408 3
445 408 1
447 408 1
421 409 2
429 409 2
432 409 1
707 409 1
65 410 1
88 410 1
209 410 1
232 410 1
347 410 1
387 410 1
416 410 1
417 410 1
422 410 1
436 410 1
437 410 1
456 410 2
618 410 2
682 410 1
709 410 1
18 411 1
53 411 1
178 411 1
206 411 1
215 411 1
293 411 1
354 411 1
385 411 1
387 411 2
406 411 1
417 411 2
499 411 1
601 411 2
711 411 1
121 412 1
187 412 2
420 412 2
452 412 1
486 412 1
624 412 1
113 413 1
121 413 1
187 413 1
190 413 1
272 413 1
389 413 1
391 413 1
425 413 1
636 413 1
97 414 1
123 414 2
190 414 3
250 414 1
255 414 1
259 414 1
306 414 1
420 414 2
438 414 1
489 414 1
94 415 1
121 415 1
427 415 2
483 415 1
107 416 2
127 416 1
228 416 1
255 416 1
429 416 1
469 416 1
627 416 1
218 417 1
228 417 1
255 417 2
259 417 1
356 417 1
416 417 3
438 417 1
456 417 1
468 417 1
482 417 1
704 417 1
37 418 1
41 418 1
190 418 1
280 418 1
402 418 1
416 418 1
436 418 1
438 418 2
456 418 1
653 418 1
663 418 2
92 419 1
123 419 1
190 419 6
217 419 1
401 419 1
428 419 1
429 419 1
432 419 1
436 419 1
438 419 1
328 420 1
230 421 1
354 421 1
385 421 1
408 421 1
416 421 2
418 421 1
434 421 1
436 421 1
37 422 2
63 422 1
95 422 1
218 422 1
255 422 1
354 422 1
384 422 1
390 422 1
408 422 2
429 422 1
432 422 1
433 422 1
438 422 1
447 422 1
474 422 2
482 422 1
484 422 1
492 422 1
618 422 1
620 422 3
121 423 1
123 423 1
125 423 1
180 423 1
354 423 2
372 423 1
385 423 1
417 423 1
428 423 1
431 423 4
443 423 1
445 423 1
456 423 1
485 423 1
32 424 1
54 424 1
66 424 1
230 424 1
349 424 1
354 424 3
385 424 1
386 424 2
416 424 1
469 424 1
484 424 1
485 424 3
620 424 9
650 424 1
698 424 1
92 425 1
97 425 3
142 425 1
190 425 1
255 425 4
416 425 3
417 425 1
418 425 1
489 425 1
604 425 1
723 425 1
419 426 3
486 426 1
37 427 2
95 427 1
325 427 1
418 427 1
428 427 1
429 427 2
474 427 1
624 427 1
496 428 1
516 428 1
62 429 1
291 429 1
354 429 1
356 429 1
406 429 2
423 429 1
429 429 1
178 430 1
204 430 1
258 430 1
443 430 1
73 431 1
97 431 1
127 431 1
160 431 1
384 431 1
390 431 2
394 431 2
399 431 1
405 431 1
452 431 3
704 431 1
17 432 1
32 432 1
37 432 1
125 432 1
187 432 1
190 432 2
415 432 1
32 433 1
37 433 1
72 433 1
123 433 1
190 433 1
225 433 1
417 433 1
446 433 1
504 433 2
605 433 1
651 433 1
681 433 1
121 434 1
185 434 1
198 434 1
200 434 1
255 434 1
347 434 2
438 434 7
704 434 2
92 435 1
561 435 1
146 436 2
205 436 1
237 436 1
353 436 2
532 436 1
534 436 1
723 436 2
259 437 1
464 437 1
66 438 1
102 438 1
123 438 1
400 438 2
413 438 1
423 438 1
429 438 1
436 438 1
485 438 2
503 438 1
598 438 2
680 438 1
123 439 1
416 439 1
417 439 1
423 439 3
429 439 1
441 439 1
455 439 1
483 439 1
620 439 1
424 440 1
453 440 1
486 440 3
45 441 1
255 441 1
325 441 1
393 441 1
416 441 1
417 441 1
423 441 2
429 441 1
466 441 1
485 441 3
503 441 1
38 442 1
123 442 1
387 442 1
417 442 1
442 442 1
456 442 1
622 442 1
637 442 1
230 443 1
438 443 1
456 443 2
685 443 2
439 444 1
444 444 1
76 445 1
177 445 1
269 445 1
275 445 2
373 445 1
448 445 1
460 445 1
517 445 1
573 445 1
255 446 1
464 446 1
479 446 1
486 446 1
105 447 2
119 447 1
146 447 1
254 447 1
362 447 1
634 447 1
673 447 1
199 448 1
257 448 1
274 448 3
573 448 1
413 449 1
428 449 1
482 449 1
88 450 1
386 450 1
387 450 2
463 450 1
483 450 1
622 450 1
464 451 2
180 452 1
356 452 2
399 452 1
485 452 1
651 452 1
663 452 1
200 453 1
354 453 1
390 453 1
417 453 2
466 453 2
471 453 2
489 453 1
504 453 1
604 453 1
620 453 1
33 454 1
122 454 1
233 454 1
54 455 2
123 455 1
218 455 1
233 455 2
441 455 1
608 455 1
121 456 2
125 456 2
180 456 1
230 456 1
233 456 1
387 456 1
469 456 1
354 457 1
464 457 1
429 458 1
91 459 1
106 459 1
423 459 1
477 459 3
21 460 1
44 460 1
63 460 1
133 460 1
155 460 1
304 460 2
531 460 1
659 460 1
10 461 1
13 461 3
185 461 1
190 461 1
211 461 1
230 461 1
259 461 1
411 461 2
418 461 1
438 461 1
457 461 1
484 461 1
485 461 1
516 461 1
663 461 1
29 462 1
47 462 1
88 462 1
270 462 2
325 462 1
372 462 1
397 463 1
1 464 1
187 465 1
429 465 1
444 465 1
483 465 1
497 465 1
620 465 1
704 465 2
179 466 1
246 466 1
261 466 1
285 466 1
335 466 1
612 466 1
214 467 1
418 467 1
429 467 3
704 467 1
32 468 3
121 468 1
127 468 1
190 468 1
255 468 1
343 468 1
444 468 3
456 468 3
511 468 1
627 468 1
182 469 1
233 469 1
263 469 1
285 469 1
295 469 2
356 469 1
386 469 1
387 469 3
446 469 1
471 469 1
474 469 2
485 469 1
601 469 1
622 469 1
624 469 1
424 470 1
621 470 2
626 470 1
430 471 2
21 472 1
101 472 2
176 472 3
269 472 1
652 472 1
711 472 1
91 473 1
509 473 1
543 473 1
577 474 1
31 475 1
190 475 2
255 475 1
259 475 2
356 475 1
416 475 1
417 475 1
429 475 1
434 475 1
436 475 1
444 475 1
484 475 1
661 476 2
356 477 1
390 477 1
436 477 1
491 477 1
40 478 1
154 478 1
205 478 1
211 478 2
267 478 1
306 478 2
331 478 1
349 478 1
461 478 1
636 478 1
123 479 1
259 479 1
428 479 1
96 480 1
252 480 1
337 480 1
534 480 1
595 480 1
634 480 1
644 480 1
34 481 1
37 481 1
104 481 1
226 481 2
240 481 1
336 481 1
352 481 1
360 481 1
656 481 2
29 482 1
49 482 1
54 482 1
111 482 1
114 482 1
215 482 3
232 482 3
307 482 1
310 482 1
354 482 1
386 482 1
423 482 1
485 482 1
353 483 1
15 484 1
20 484 1
33 484 3
70 484 1
339 484 2
389 484 2
472 484 1
156 485 1
276 485 1
320 485 1
500 485 2
597 485 1
641 485 3
89 486 1
142 486 1
197 486 1
275 486 1
446 486 1
501 486 2
293 487 1
396 487 1
464 487 1
502 487 1
622 487 1
663 487 2
60 488 1
69 488 1
100 488 2
121 488 1
123 488 1
288 488 1
296 488 1
416 488 1
417 488 1
423 488 1
468 488 1
483 488 3
485 488 1
612 488 3
622 488 1
671 488 1
680 488 3
37 489 2
416 489 1
441 489 2
653 489 1
43 490 1
255 490 10
280 490 1
505 490 1
21 491 1
84 491 1
250 491 1
343 491 1
541 491 1
609 491 1
636 491 1
686 491 1
297 492 1
201 493 1
309 493 1
344 493 3
546 493 1
597 493 1
603 493 1
96 494 1
105 494 1
163 494 1
202 494 1
271 494 1
351 494 1
359 494 1
509 494 2
572 494 1
97 495 3
196 495 1
255 495 4
343 495 1
349 495 1
711 495 2
7 496 1
123 496 1
179 496 2
34 497 3
132 497 3
159 497 1
509 497 1
563 497 1
581 497 1
128 498 1
141 498 4
301 498 1
355 498 1
362 498 1
495 498 1
514 498 2
532 498 7
549 498 2
552 498 1
595 498 3
615 498 1
637 498 1
673 498 1
679 498 1
5 499 1
37 499 1
141 499 1
227 499 1
243 499 1
295 500 1
343 500 1
132 501 1
280 501 1
498 501 1
534 501 1
553 501 6
571 501 2
595 501 1
158 502 6
199 502 1
202 502 1
311 502 1
500 502 2
513 502 3
534 502 1
539 502 2
545 502 1
597 502 1
599 502 2
664 502 1
677 502 1
93 503 1
146 503 1
202 503 1
213 503 1
519 503 1
537 503 1
571 503 1
645 503 1
156 504 1
320 504 1
517 504 1
545 505 1
613 505 1
269 506 1
344 506 1
522 506 3
150 507 1
182 507 1
494 507 1
514 507 1
564 507 1
572 507 1
645 507 1
673 507 2
45 508 1
68 508 3
76 508 2
254 508 1
276 508 1
530 508 1
546 508 1
555 508 1
670 508 3
696 508 1
698 508 1
707 508 1
31 509 2
76 509 1
238 509 2
272 509 1
361 509 2
381 509 1
13 510 1
70 510 1
108 510 1
122 510 1
351 510 1
370 510 2
403 510 1
472 510 1
7 511 2
228 511 1
383 512 1
543 512 2
669 512 1
330 513 1
462 513 2
518 513 1
529 513 3
536 513 1
539 513 2
540 513 1
615 513 1
641 513 2
713 513 1
68 514 1
231 514 1
555 514 1
575 514 1
670 514 1
720 514 1
159 515 1
215 515 1
289 515 1
643 515 1
713 515 2
362 516 1
543 516 1
574 516 1
640 516 1
68 517 2
309 517 1
350 517 1
629 517 1
698 517 1
719 517 1
720 517 1
119 518 3
330 518 2
336 518 1
537 518 2
553 518 1
673 518 1
68 519 2
133 519 1
546 519 1
119 520 1
199 520 3
517 520 1
521 520 1
536 520 1
548 520 1
628 520 1
5 521 1
35 521 2
534 521 1
537 521 1
545 521 2
581 521 1
617 521 1
631 521 1
173 522 1
257 522 1
539 522 1
714 522 1
35 523 1
196 523 1
531 523 1
540 523 1
571 523 1
581 523 3
617 523 2
629 523 1
35 524 1
238 524 1
311 524 2
350 524 1
529 524 1
565 524 2
641 524 2
664 524 1
213 525 1
350 525 1
513 525 1
565 525 1
647 525 1
667 525 2
677 525 1
703 525 1
93 526 1
349 526 1
367 526 1
556 526 1
639 526 2
666 526 1
2 527 1
244 527 1
589 528 1
93 529 1
289 529 1
344 529 1
670 529 2
719 529 1
724 529 1
68 530 1
76 530 2
128 530 2
178 530 2
264 530 3
508 530 2
541 530 1
544 530 3
594 530 1
708 530 3
714 530 1
64 531 1
68 531 1
158 531 1
173 531 2
199 531 4
202 531 1
539 531 1
545 531 1
548 531 2
571 531 2
669 531 1
582 532 1
592 532 1
616 532 1
35 533 1
331 533 1
529 533 2
641 533 2
68 534 1
696 535 2
701 535 1
715 535 1
13 536 1
68 536 1
76 536 1
126 536 1
238 536 1
264 536 1
293 536 2
294 536 1
309 536 1
365 536 1
541 536 1
570 536 6
670 536 2
713 536 1
714 536 1
366 537 2
552 537 1
592 537 1
652 537 1
694 537 1
36 538 1
145 538 1
199 538 1
276 538 2
280 538 2
514 538 2
517 538 1
518 538 1
519 538 1
537 538 1
569 538 1
597 538 2
631 538 1
145 539 1
237 539 1
517 539 1
549 539 1
550 539 1
571 539 1
654 539 2
2 540 1
105 540 1
119 540 1
156 540 2
315 540 1
545 540 2
548 540 4
550 540 1
572 540 1
581 540 3
597 540 3
613 540 6
641 540 4
642 540 1
645 540 1
539 541 2
545 541 1
562 541 1
581 541 2
590 541 1
646 541 2
664 541 1
320 542 1
164 543 1
173 543 1
194 543 1
199 543 1
246 543 1
277 543 1
331 543 1
359 543 1
473 543 1
547 543 2
552 543 4
570 543 2
592 543 1
652 543 1
664 543 1
677 543 1
146 544 1
173 544 1
298 544 1
518 544 2
597 544 1
643 544 1
647 544 1
68 545 1
196 545 1
323 545 1
374 545 1
542 545 1
554 545 2
606 545 1
673 545 1
714 545 1
251 546 1
258 546 4
481 546 1
101 547 1
151 547 1
213 547 1
556 547 1
664 547 1
143 548 1
301 548 1
305 548 1
352 548 1
124 549 1
518 549 1
545 549 1
571 549 1
590 549 5
591 549 3
602 549 1
200 550 2
361 550 1
485 550 1
559 550 1
302 551 1
315 551 2
492 551 1
132 552 1
534 552 1
508 553 1
529 553 3
537 553 4
562 553 1
581 553 1
665 553 1
34 554 2
35 554 1
138 554 2
158 554 1
199 554 1
336 554 1
534 554 1
539 554 1
553 554 1
563 554 1
662 554 1
141 555 1
172 555 1
195 555 2
207 555 1
237 555 1
240 555 1
449 555 1
513 555 1
557 555 1
564 555 2
669 555 1
673 555 1
34 556 1
68 556 1
168 556 3
359 556 1
664 556 7
172 557 1
572 557 1
133 558 2
348 558 1
500 558 1
607 558 1
667 558 1
679 558 2
29 559 1
177 559 1
216 559 1
250 559 1
261 559 2
269 559 1
270 559 1
302 559 1
485 559 1
670 559 1
696 559 1
717 559 1
35 560 1
271 560 2
348 560 1
517 560 1
518 560 1
537 560 1
545 560 1
581 560 1
607 560 1
613 560 1
634 560 1
672 561 1
58 562 1
265 562 1
534 562 1
654 562 2
706 562 1
201 563 1
264 563 1
365 563 1
368 563 1
374 563 1
533 563 1
544 563 1
662 563 1
90 564 1
128 564 1
146 564 1
194 564 1
199 564 1
245 564 1
272 564 1
590 564 2
599 564 1
641 564 1
124 565 1
298 565 1
509 565 1
689 565 1
700 565 1
96 566 1
155 566 1
192 566 1
199 566 1
213 566 2
539 566 1
573 566 1
708 566 2
713 566 1
245 567 2
360 567 1
534 567 1
543 567 1
700 567 1
138 568 1
252 568 1
374 568 1
378 568 1
462 568 1
533 568 2
552 568 1
563 568 3
616 568 1
714 568 1
542 569 1
551 569 3
639 569 1
641 569 2
34 570 2
35 570 1
58 570 1
196 570 1
237 570 1
252 570 2
337 570 1
494 570 1
575 570 1
577 570 1
358 571 1
520 571 1
569 571 1
578 571 1
652 571 2
137 572 1
160 572 1
181 572 1
331 572 2
579 572 1
670 572 1
701 572 1
706 572 1
102 573 1
181 573 1
524 573 1
500 574 1
517 574 1
597 574 1
600 574 3
617 574 1
674 574 1
552 575 1
575 575 2
582 575 4
588 575 1
666 575 1
25 576 1
180 576 1
215 576 2
377 576 1
699 576 2
68 577 1
176 577 2
533 577 1
554 577 1
584 577 1
589 577 1
592 577 3
597 577 1
638 577 1
639 577 3
664 577 1
666 577 1
116 578 1
231 578 1
243 578 1
264 578 1
289 578 2
304 578 1
309 578 1
349 578 1
365 578 1
492 578 1
586 578 1
670 578 2
696 578 7
716 578 1
230 579 1
264 579 1
575 579 1
592 579 1
693 579 1
519 580 1
554 580 1
5 581 1
138 581 1
318 581 1
542 581 1
552 581 1
554 581 1
556 581 1
575 581 1
257 582 1
364 582 1
513 582 3
536 582 1
649 582 3
658 582 1
713 582 4
199 583 1
254 583 1
548 583 1
550 583 1
551 583 1
571 583 2
643 583 1
668 583 2
300 584 3
521 584 1
540 584 2
558 584 8
591 584 1
280 585 1
276 586 1
593 586 1
599 586 2
606 586 1
176 587 1
194 587 1
551 587 1
576 587 1
610 587 1
639 587 1
119 588 1
498 588 1
514 588 1
550 588 1
641 588 3
646 588 1
2 589 1
156 589 1
166 589 1
278 589 1
336 589 1
514 589 1
573 589 2
597 589 1
640 589 1
645 589 3
350 590 1
599 590 1
600 590 1
611 590 1
639 590 1
656 591 1
201 592 1
518 592 1
535 592 1
547 592 1
585 592 1
694 592 1
706 592 1
714 592 1
35 593 2
151 593 1
159 593 4
264 593 1
362 593 1
519 593 1
536 593 1
581 593 1
594 593 1
628 593 4
635 593 2
672 593 1
677 593 2
679 593 1
291 594 2
410 594 1
417 594 1
423 594 1
485 594 3
598 594 1
605 594 1
622 594 2
624 594 1
685 594 1
199 595 1
520 595 1
599 595 2
600 595 1
2 596 1
540 596 2
565 596 1
641 596 6
656 596 1
37 597 1
72 597 1
123 597 1
260 597 1
297 597 1
338 597 1
341 597 1
387 597 1
403 597 2
406 597 1
499 597 2
622 597 4
623 597 1
698 597 1
707 597 1
35 598 1
537 598 1
613 598 2
658 598 1
24 599 1
477 599 1
37 600 2
77 600 1
307 600 1
454 600 1
468 600 1
469 600 1
485 600 1
496 600 1
512 600 3
601 600 3
709 600 1
188 601 2
232 601 2
239 601 1
243 601 1
423 601 1
468 601 1
471 601 1
485 601 3
504 601 1
35 602 1
155 602 1
178 602 1
196 602 1
211 602 1
266 602 1
473 602 1
500 602 1
552 602 2
637 602 1
638 602 2
656 602 2
199 603 1
257 603 1
364 603 1
639 603 1
107 604 1
313 604 1
387 604 1
417 604 2
442 604 1
484 604 2
627 604 1
21 605 1
349 605 1
478 605 1
599 606 1
600 606 3
611 606 2
591 607 1
641 607 2
648 607 1
179 608 1
212 608 1
242 608 3
331 608 1
565 608 1
549 609 1
591 609 1
714 609 1
416 610 1
565 610 1
571 610 1
576 610 1
594 610 1
276 611 1
563 611 1
664 611 2
93 612 1
201 612 1
555 612 1
713 612 1
65 613 1
105 613 1
156 613 5
252 613 2
271 613 1
460 613 1
518 613 1
529 613 1
537 613 2
581 613 1
613 613 3
638 613 1
654 613 2
259 614 1
394 614 1
429 614 1
455 614 1
482 614 1
663 614 1
27 615 1
29 615 1
83 615 1
68 616 1
670 616 2
78 617 3
107 617 1
111 617 1
123 617 2
187 617 1
384 617 1
387 617 1
405 617 3
416 617 8
417 617 1
420 617 1
429 617 3
436 617 1
437 617 1
446 617 1
489 617 1
686 617 3
704 617 1
187 618 1
288 618 1
392 618 3
409 618 2
418 618 1
429 618 1
444 618 1
621 618 1
709 618 1
30 619 1
37 619 3
162 619 1
187 619 1
295 619 1
398 619 1
485 619 3
512 619 1
604 619 1
612 619 1
622 619 2
691 619 1
37 620 1
123 620 1
161 620 2
354 620 1
420 620 1
423 620 1
466 620 1
605 620 1
723 620 1
30 621 1
37 621 1
391 621 1
400 621 1
420 621 1
437 621 1
598 621 1
622 621 1
650 621 1
199 622 3
202 622 1
203 622 1
318 622 2
518 622 1
577 622 1
602 622 1
631 622 4
633 622 1
641 622 1
123 623 1
423 623 1
598 623 1
604 623 1
622 623 1
683 623 1
12 624 1
82 624 1
228 624 4
385 624 1
412 624 1
429 624 4
457 624 1
583 624 1
622 624 1
128 625 1
213 625 1
238 625 1
359 625 2
462 625 1
562 625 2
582 625 4
597 625 5
599 625 1
625 625 1
638 625 1
641 625 2
248 626 1
600 626 2
628 626 1
629 626 1
639 626 1
481 627 1
110 628 1
264 628 2
531 628 1
565 628 1
606 628 1
630 628 1
639 628 1
664 628 2
714 628 2
139 629 1
159 629 1
199 629 1
540 629 2
548 629 1
573 629 1
581 629 4
616 629 1
176 630 1
523 630 1
245 631 1
548 631 1
581 631 1
602 631 1
631 631 3
656 631 1
634 632 1
5 633 1
211 633 1
269 633 1
311 633 1
639 633 1
677 633 1
37 634 1
95 634 1
121 634 2
161 634 1
183 634 3
250 634 2
302 634 2
333 634 1
436 634 3
636 634 1
708 634 1
722 634 1
46 635 1
369 635 1
271 636 1
606 636 1
284 637 1
595 637 1
644 637 1
35 638 1
145 638 1
159 638 2
192 638 8
199 638 3
336 638 1
359 638 1
500 638 2
555 638 1
587 638 2
599 638 1
635 638 1
641 638 1
642 638 1
311 639 1
331 639 2
508 639 1
514 639 1
565 639 1
641 639 2
642 639 1
679 639 1
165 640 1
202 640 1
211 640 1
300 640 1
462 640 1
529 640 1
548 640 1
606 640 1
633 640 1
641 640 1
678 640 1
532 641 2
572 641 6
645 641 9
669 642 1
124 643 3
139 643 1
245 643 1
314 643 1
325 643 1
383 643 1
488 643 1
596 643 1
200 644 1
556 644 1
196 645 2
205 645 1
246 645 2
473 645 1
666 645 1
628 646 1
151 647 1
177 647 1
518 647 1
133 648 1
257 648 1
565 648 2
643 648 1
649 648 1
30 649 1
111 649 1
251 649 1
295 649 1
501 649 3
516 649 2
608 649 1
37 650 3
279 650 1
423 650 1
604 650 1
651 650 3
93 651 2
203 651 2
311 651 3
524 651 1
567 651 3
580 651 1
592 651 1
652 651 1
48 652 1
53 652 1
177 652 1
597 653 1
656 653 1
523 654 1
547 654 1
549 654 2
652 654 1
654 654 2
155 655 1
543 655 1
564 655 2
146 656 1
158 656 2
350 656 1
359 656 1
533 656 2
592 656 1
616 656 1
658 656 1
149 657 1
166 657 1
252 657 1
473 657 1
541 657 1
667 657 1
708 657 1
713 657 2
2 658 1
35 658 1
156 658 1
264 658 1
271 658 1
301 658 1
649 658 2
655 658 1
656 658 1
28 659 1
67 659 1
207 659 1
495 659 1
564 659 1
619 659 1
669 659 1
52 660 1
186 660 1
8 661 1
28 662 1
35 662 1
359 662 1
494 662 1
500 662 1
539 662 1
571 662 2
581 662 3
631 662 1
10 663 2
41 663 1
203 663 1
231 663 2
280 663 2
312 663 1
344 663 3
659 663 1
187 664 2
423 664 1
429 664 1
431 664 1
434 664 1
438 664 1
452 664 2
624 664 1
93 665 1
145 665 1
177 665 1
524 665 1
552 665 2
584 665 1
664 665 1
267 666 2
518 666 1
562 666 1
563 666 1
155 667 2
368 667 2
492 667 1
545 667 1
593 667 1
625 667 1
632 667 1
628 668 1
713 668 1
311 669 1
320 669 1
331 669 1
553 669 1
597 669 1
641 669 1
648 669 2
5 670 1
35 670 2
156 670 1
196 670 1
268 670 1
300 670 1
336 670 1
534 670 2
561 670 1
594 670 1
36 671 1
172 671 1
494 671 4
528 671 1
644 671 1
669 671 3
146 672 1
286 672 1
289 672 1
378 672 1
456 672 1
542 672 3
546 672 1
547 672 1
579 672 1
707 672 1
719 672 4
111 673 3
178 673 1
577 674 1
597 674 1
658 674 1
460 675 2
56 676 1
344 676 1
462 676 1
565 676 3
276 677 1
675 677 1
51 678 1
257 679 2
311 679 1
331 679 1
350 679 1
462 679 1
553 679 3
635 679 2
677 679 1
694 679 1
35 680 3
128 680 1
173 680 1
199 680 1
668 680 1
410 681 1
682 681 3
685 681 3
422 682 1
434 682 1
681 682 4
683 682 1
684 682 1
32 683 2
429 683 1
440 683 1
681 683 2
682 683 2
683 683 3
61 684 1
441 684 1
681 684 1
683 684 2
680 685 8
681 685 2
682 685 2
683 685 1
72 686 1
121 686 2
209 686 2
255 686 2
705 686 1
259 687 1
367 687 1
113 688 1
116 688 1
374 688 1
403 688 1
656 688 1
692 688 2
319 689 1
21 690 1
275 690 1
623 690 1
699 690 1
63 691 1
150 691 1
12 692 3
19 692 3
53 692 1
86 692 2
100 692 2
516 692 1
692 692 1
701 693 1
657 694 2
168 695 2
387 695 1
695 695 1
706 695 1
197 696 1
335 696 1
365 696 1
555 696 2
670 696 3
696 696 2
168 697 2
196 697 1
335 697 1
724 697 2
24 698 1
29 698 2
71 698 2
323 698 2
560 698 1
152 699 1
418 699 2
498 699 1
564 699 1
660 699 1
91 700 1
380 700 1
499 700 1
699 700 2
104 701 2
128 701 1
254 701 1
265 701 1
266 701 2
346 701 1
443 701 1
572 701 1
644 701 1
659 701 1
206 702 1
231 702 2
248 702 3
250 702 1
251 702 1
378 702 2
485 702 1
9 703 1
45 703 1
179 703 2
335 703 1
343 703 1
367 703 4
486 703 1
703 703 1
710 703 1
125 704 1
367 704 1
390 704 1
394 704 1
401 704 2
356 705 1
440 705 1
705 705 2
88 706 1
204 706 1
241 706 1
270 706 1
304 706 1
35 707 1
58 707 2
97 707 2
129 707 1
182 707 1
196 707 2
272 707 8
294 707 1
351 707 1
487 707 2
662 707 1
710 707 1
714 707 2
68 708 2
93 708 1
109 708 1
154 708 1
302 708 4
554 708 1
657 708 1
694 708 3
721 708 1
4 709 1
108 709 1
231 709 2
325 709 1
367 709 1
636 709 2
695 709 1
711 709 3
92 710 1
104 710 1
140 710 1
187 710 1
372 710 1
448 710 2
68 711 2
136 711 1
151 711 1
211 711 1
246 711 1
248 711 5
264 711 3
267 711 1
311 711 1
318 711 1
361 711 1
713 711 3
721 711 1
58 712 1
176 712 1
289 712 1
473 712 1
180 713 1
216 713 1
228 713 1
250 713 1
280 713 1
319 713 1
361 713 1
363 713 1
369 713 1
378 713 1
530 713 1
714 713 1
281 714 1
546 714 1
688 714 1
716 714 2
251 715 1
37 716 2
115 716 1
134 716 1
137 716 1
144 716 2
701 717 1
716 717 2
304 718 1
379 718 1
522 718 1
664 718 2
134 719 1
165 719 2
485 719 1
610 719 1
149 720 1
183 720 1
197 720 2
372 720 1
694 720 1
708 720 1
47 721 1
71 721 1
178 721 1
215 721 2
467 721 5
526 721 1
723 721 1
104 722 3
331 722 1
344 722 2
711 722 2
