1 1 57
3 1 3
4 1 5
5 1 5
9 1 1
10 1 36
12 1 4
13 1 14
14 1 2
16 1 2
17 1 2
18 1 1
19 1 2
21 1 1
22 1 1
26 1 3
27 1 1
28 1 2
29 1 1
31 1 1
34 1 2
36 1 2
38 1 3
39 1 3
41 1 31
42 1 5
43 1 5
44 1 1
45 1 6
46 1 12
47 1 30
48 1 17
49 1 7
50 1 1
51 1 2
52 1 3
53 1 1
54 1 2
55 1 5
56 1 7
58 1 1
60 1 2
63 1 4
64 1 2
72 1 104
73 1 7
75 1 3
76 1 2
77 1 3
78 1 78
79 1 1
80 1 1
81 1 6
82 1 1
84 1 5
85 1 1
86 1 35
87 1 127
88 1 61
89 1 46
91 1 1
94 1 4
96 1 1
97 1 17
98 1 1
99 1 1
100 1 1
101 1 1
102 1 1
103 1 2
105 1 10
106 1 1
108 1 20
109 1 7
110 1 10
111 1 174
112 1 2
114 1 1
115 1 26
117 1 1
118 1 2
119 1 7
120 1 18
121 1 50
123 1 12
124 1 1
125 1 2
133 1 3
136 1 1
137 1 5
138 1 1
139 1 1
140 1 8
142 1 10
147 1 1
1 2 2
2 2 46
4 2 49
5 2 4
6 2 2
10 2 29
11 2 2
12 2 8
13 2 1
15 2 4
16 2 2
17 2 50
18 2 11
19 2 1
20 2 9
21 2 2
23 2 6
24 2 12
25 2 8
26 2 40
27 2 18
28 2 14
29 2 1
30 2 21
31 2 3
32 2 2
33 2 6
34 2 50
35 2 4
36 2 2
38 2 2
39 2 17
40 2 16
42 2 13
43 2 6
44 2 1
45 2 5
46 2 1
52 2 13
54 2 3
55 2 4
57 2 1
58 2 5
59 2 1
60 2 3
61 2 22
62 2 77
63 2 64
64 2 9
65 2 4
66 2 8
67 2 3
68 2 4
69 2 3
76 2 5
77 2 1
78 2 3
83 2 7
84 2 6
85 2 22
89 2 4
90 2 2
92 2 5
93 2 8
94 2 1
98 2 1
101 2 1
103 2 1
106 2 21
107 2 1
108 2 1
109 2 1
112 2 72
113 2 13
115 2 1
116 2 3
121 2 2
122 2 2
124 2 8
125 2 1
132 2 1
134 2 4
140 2 2
141 2 2
144 2 1
145 2 1
147 2 1
1 3 5
3 3 24
4 3 75
6 3 16
7 3 2
8 3 2
9 3 41
10 3 8
11 3 26
12 3 5
13 3 1
14 3 10
15 3 10
16 3 11
17 3 7
18 3 25
19 3 16
20 3 13
21 3 19
22 3 12
23 3 7
24 3 8
25 3 2
26 3 23
27 3 30
28 3 38
31 3 17
32 3 7
33 3 5
34 3 16
35 3 2
36 3 24
37 3 3
38 3 13
39 3 25
40 3 3
41 3 6
42 3 10
43 3 16
44 3 5
45 3 2
49 3 1
51 3 7
52 3 1
53 3 1
54 3 19
55 3 4
57 3 30
58 3 2
59 3 14
60 3 6
61 3 19
62 3 45
63 3 25
66 3 2
67 3 16
68 3 1
69 3 8
70 3 1
71 3 2
73 3 7
74 3 1
75 3 1
76 3 1
82 3 3
83 3 1
84 3 4
85 3 6
86 3 1
87 3 1
88 3 1
89 3 4
90 3 10
91 3 18
92 3 6
94 3 1
97 3 7
98 3 10
100 3 1
101 3 2
103 3 9
104 3 7
105 3 1
106 3 6
107 3 7
108 3 15
109 3 11
110 3 37
111 3 1
112 3 24
113 3 78
114 3 39
115 3 1
116 3 1
117 3 1
118 3 2
119 3 1
120 3 4
122 3 1
124 3 6
125 3 13
127 3 3
132 3 1
137 3 3
139 3 1
140 3 2
144 3 10
145 3 4
148 3 2
1 4 1
2 4 35
3 4 27
4 4 48
6 4 4
8 4 1
9 4 1
10 4 64
11 4 11
12 4 14
13 4 18
14 4 4
15 4 58
16 4 56
17 4 30
18 4 26
19 4 88
20 4 1
21 4 6
23 4 8
24 4 4
25 4 6
26 4 69
27 4 51
28 4 29
29 4 1
30 4 11
31 4 2
33 4 3
34 4 43
35 4 3
36 4 1
37 4 1
38 4 3
39 4 3
40 4 29
41 4 1
42 4 12
43 4 16
45 4 4
47 4 1
48 4 1
50 4 1
51 4 1
52 4 21
54 4 69
55 4 31
56 4 7
57 4 22
58 4 27
59 4 1
61 4 7
62 4 2
63 4 27
64 4 1
65 4 1
66 4 3
67 4 12
69 4 2
70 4 1
71 4 1
78 4 5
83 4 4
84 4 63
85 4 11
86 4 1
87 4 1
89 4 6
90 4 3
91 4 28
92 4 10
93 4 1
96 4 1
98 4 1
103 4 2
104 4 1
106 4 7
107 4 3
108 4 2
110 4 3
112 4 62
113 4 24
114 4 1
115 4 3
116 4 8
118 4 18
120 4 1
124 4 14
125 4 1
131 4 1
137 4 1
138 4 2
140 4 1
142 4 1
144 4 5
145 4 1
1 5 2
5 5 15
8 5 2
9 5 2
10 5 2
11 5 1
12 5 1
13 5 3
14 5 3
16 5 1
18 5 1
19 5 1
21 5 1
26 5 1
27 5 1
28 5 3
32 5 3
38 5 1
39 5 1
41 5 1
47 5 1
50 5 1
51 5 1
54 5 2
56 5 14
67 5 1
75 5 1
76 5 1
77 5 1
80 5 1
84 5 1
86 5 1
87 5 1
88 5 5
89 5 4
90 5 2
98 5 1
100 5 2
101 5 1
105 5 2
106 5 1
108 5 5
110 5 1
111 5 2
113 5 2
114 5 3
115 5 1
120 5 2
123 5 7
124 5 1
137 5 1
142 5 1
144 5 4
147 5 1
1 6 2
2 6 1
3 6 17
4 6 3
6 6 31
7 6 5
8 6 4
9 6 8
10 6 5
12 6 2
13 6 1
14 6 2
15 6 2
16 6 4
17 6 3
18 6 34
19 6 2
20 6 1
21 6 34
22 6 1
23 6 3
24 6 2
26 6 97
27 6 3
28 6 2
29 6 8
30 6 2
32 6 2
33 6 5
34 6 18
35 6 5
36 6 14
37 6 5
38 6 5
39 6 3
40 6 8
42 6 1
43 6 11
45 6 63
46 6 2
47 6 16
48 6 6
49 6 2
50 6 1
51 6 1
52 6 6
54 6 15
55 6 6
56 6 12
57 6 1
58 6 56
60 6 1
62 6 3
63 6 50
64 6 71
65 6 3
66 6 1
68 6 1
70 6 4
72 6 9
73 6 10
75 6 6
76 6 19
77 6 10
78 6 12
81 6 2
83 6 3
84 6 1
85 6 1
86 6 18
87 6 1
88 6 2
89 6 1
90 6 3
91 6 1
93 6 1
94 6 1
95 6 2
97 6 5
98 6 2
100 6 2
101 6 1
102 6 4
103 6 3
104 6 2
105 6 49
106 6 28
109 6 9
110 6 18
111 6 2
112 6 1
113 6 6
114 6 3
115 6 1
116 6 1
117 6 1
118 6 2
119 6 5
120 6 26
121 6 5
123 6 2
124 6 3
125 6 2
127 6 1
132 6 6
136 6 1
1 7 2
2 7 1
3 7 9
4 7 1
5 7 5
6 7 5
7 7 21
8 7 10
9 7 29
10 7 1
11 7 2
14 7 11
15 7 5
17 7 3
18 7 3
19 7 2
20 7 2
21 7 4
23 7 1
24 7 3
26 7 2
27 7 2
28 7 1
30 7 2
31 7 1
34 7 1
36 7 9
37 7 6
38 7 4
39 7 5
43 7 7
44 7 2
45 7 38
47 7 1
52 7 3
54 7 1
55 7 1
56 7 2
57 7 6
58 7 3
59 7 5
60 7 3
61 7 1
63 7 1
69 7 1
70 7 2
76 7 1
77 7 1
85 7 1
86 7 1
89 7 2
90 7 24
91 7 7
92 7 2
93 7 3
95 7 14
96 7 2
97 7 7
100 7 1
101 7 7
102 7 4
103 7 3
104 7 1
106 7 1
108 7 3
109 7 5
110 7 24
113 7 6
115 7 1
118 7 1
119 7 4
121 7 2
123 7 2
125 7 23
128 7 2
130 7 2
140 7 1
142 7 1
144 7 9
145 7 1
1 8 7
2 8 1
4 8 3
6 8 5
7 8 14
8 8 30
9 8 64
10 8 4
11 8 4
12 8 2
14 8 10
15 8 9
16 8 2
17 8 2
18 8 5
20 8 4
21 8 2
24 8 7
25 8 1
26 8 1
27 8 1
28 8 2
36 8 11
37 8 6
38 8 9
39 8 5
41 8 1
43 8 8
44 8 3
45 8 84
47 8 3
49 8 1
51 8 3
52 8 2
53 8 4
54 8 4
56 8 2
58 8 15
59 8 2
60 8 1
63 8 2
69 8 4
70 8 2
73 8 23
74 8 1
76 8 1
78 8 1
81 8 1
82 8 1
84 8 1
85 8 2
86 8 1
87 8 1
88 8 1
89 8 1
90 8 5
91 8 1
92 8 3
94 8 1
95 8 7
96 8 3
97 8 24
98 8 6
100 8 1
101 8 5
102 8 4
103 8 1
104 8 3
105 8 1
106 8 2
108 8 1
110 8 21
114 8 7
115 8 4
118 8 6
119 8 1
121 8 3
124 8 6
125 8 9
131 8 2
134 8 1
135 8 1
139 8 1
141 8 1
144 8 5
145 8 8
1 9 11
2 9 9
3 9 48
4 9 13
5 9 7
6 9 17
7 9 82
8 9 119
9 9 75
10 9 54
11 9 6
12 9 2
13 9 3
14 9 58
15 9 8
16 9 14
17 9 4
18 9 21
19 9 6
20 9 25
21 9 18
22 9 2
23 9 3
25 9 2
26 9 6
27 9 7
28 9 6
29 9 2
30 9 2
31 9 11
32 9 6
33 9 20
34 9 6
35 9 19
36 9 31
37 9 37
38 9 25
39 9 32
40 9 17
41 9 11
42 9 4
43 9 15
44 9 27
45 9 136
46 9 2
47 9 10
48 9 4
49 9 3
50 9 11
51 9 88
52 9 2
53 9 3
54 9 24
55 9 10
56 9 4
57 9 8
58 9 7
59 9 52
60 9 9
61 9 4
62 9 5
63 9 4
64 9 5
65 9 2
67 9 6
68 9 1
69 9 7
70 9 4
71 9 1
72 9 1
73 9 8
75 9 56
76 9 18
77 9 1
78 9 3
79 9 1
80 9 1
81 9 41
82 9 2
84 9 5
85 9 4
86 9 4
87 9 9
88 9 8
89 9 10
90 9 25
91 9 19
92 9 1
93 9 8
94 9 1
95 9 27
96 9 3
97 9 6
98 9 13
100 9 1
101 9 6
102 9 7
103 9 6
104 9 19
105 9 1
106 9 26
107 9 32
108 9 6
109 9 6
110 9 12
111 9 85
112 9 5
113 9 18
114 9 4
115 9 15
116 9 4
118 9 2
119 9 3
120 9 4
121 9 5
123 9 3
124 9 10
125 9 48
127 9 1
130 9 2
137 9 1
139 9 1
140 9 2
141 9 2
142 9 1
144 9 66
145 9 21
1 10 69
2 10 45
3 10 4
4 10 57
5 10 2
6 10 1
8 10 6
9 10 74
10 10 78
11 10 7
12 10 3
13 10 9
14 10 10
15 10 17
16 10 14
17 10 5
18 10 58
19 10 4
20 10 30
21 10 20
22 10 1
23 10 11
24 10 3
25 10 17
26 10 25
27 10 44
28 10 18
29 10 23
30 10 5
31 10 10
33 10 8
34 10 47
35 10 8
36 10 2
38 10 10
39 10 6
40 10 13
41 10 7
42 10 10
43 10 10
44 10 6
45 10 1
47 10 2
50 10 2
51 10 2
54 10 3
55 10 52
56 10 4
57 10 40
58 10 16
61 10 20
62 10 82
63 10 27
64 10 24
65 10 5
66 10 1
67 10 7
68 10 1
69 10 2
70 10 1
71 10 2
74 10 3
75 10 2
76 10 1
78 10 1
82 10 2
83 10 5
84 10 9
85 10 8
86 10 1
87 10 1
88 10 1
91 10 2
92 10 74
93 10 2
94 10 19
97 10 11
98 10 5
101 10 1
102 10 1
104 10 2
105 10 1
106 10 36
107 10 5
109 10 3
110 10 7
111 10 2
112 10 49
113 10 66
114 10 34
115 10 13
116 10 3
117 10 1
118 10 6
120 10 1
121 10 6
124 10 21
128 10 1
131 10 1
136 10 1
139 10 2
142 10 1
144 10 1
145 10 1
1 11 2
2 11 4
3 11 48
4 11 5
6 11 1
8 11 4
9 11 5
10 11 10
11 11 153
12 11 4
13 11 9
15 11 29
16 11 1
17 11 33
18 11 13
19 11 4
20 11 23
21 11 7
22 11 3
23 11 18
24 11 30
25 11 197
26 11 18
27 11 21
28 11 15
29 11 7
30 11 48
31 11 3
32 11 45
33 11 13
34 11 36
35 11 14
36 11 5
37 11 1
38 11 9
39 11 1
40 11 11
41 11 45
42 11 74
43 11 4
44 11 2
45 11 3
46 11 1
47 11 2
52 11 1
54 11 5
55 11 12
58 11 5
59 11 4
60 11 3
61 11 4
62 11 7
63 11 15
64 11 68
65 11 35
66 11 4
67 11 7
68 11 63
69 11 40
70 11 22
71 11 43
75 11 1
76 11 1
80 11 3
83 11 3
84 11 2
85 11 3
87 11 1
88 11 1
90 11 1
92 11 1
96 11 1
97 11 1
98 11 20
103 11 7
105 11 2
106 11 4
107 11 4
110 11 4
112 11 6
113 11 52
114 11 17
115 11 4
116 11 7
121 11 1
122 11 58
124 11 7
125 11 9
131 11 1
144 11 4
147 11 5
1 12 2
2 12 3
3 12 2
4 12 21
5 12 2
6 12 2
9 12 4
10 12 4
11 12 5
12 12 25
13 12 6
14 12 3
15 12 6
16 12 1
17 12 7
18 12 5
21 12 6
23 12 1
24 12 12
25 12 8
26 12 35
27 12 29
28 12 16
29 12 25
30 12 2
31 12 5
33 12 18
34 12 34
35 12 4
36 12 2
38 12 2
39 12 2
40 12 11
41 12 4
42 12 3
43 12 3
46 12 2
52 12 2
54 12 4
55 12 4
57 12 1
58 12 5
61 12 12
62 12 24
63 12 48
64 12 5
66 12 4
68 12 4
71 12 1
73 12 2
76 12 1
82 12 1
83 12 6
84 12 4
85 12 3
87 12 25
88 12 1
89 12 4
90 12 2
92 12 7
93 12 3
94 12 1
97 12 5
98 12 6
101 12 1
103 12 2
104 12 1
105 12 1
106 12 6
112 12 27
113 12 111
114 12 23
116 12 6
118 12 3
120 12 2
121 12 1
122 12 3
123 12 1
124 12 1
125 12 5
127 12 3
134 12 1
144 12 2
148 12 1
3 13 3
4 13 29
5 13 35
6 13 1
9 13 1
10 13 6
11 13 2
12 13 3
13 13 39
14 13 15
15 13 51
16 13 2
17 13 26
18 13 11
20 13 7
21 13 8
23 13 4
24 13 2
25 13 13
26 13 11
27 13 12
28 13 14
29 13 7
30 13 19
31 13 4
33 13 4
34 13 46
35 13 3
36 13 8
37 13 1
38 13 12
40 13 7
41 13 1
42 13 6
43 13 3
45 13 1
48 13 7
55 13 7
57 13 1
58 13 7
59 13 2
61 13 5
62 13 26
63 13 10
64 13 67
65 13 10
66 13 16
68 13 5
69 13 3
70 13 2
71 13 2
75 13 1
76 13 8
81 13 1
84 13 32
85 13 2
86 13 1
88 13 1
90 13 1
91 13 1
92 13 1
93 13 3
94 13 2
97 13 3
98 13 8
101 13 1
106 13 3
108 13 2
110 13 2
111 13 4
112 13 11
113 13 75
114 13 3
115 13 1
118 13 6
119 13 1
121 13 31
122 13 4
124 13 2
131 13 1
144 13 2
148 13 1
1 14 6
2 14 5
3 14 6
4 14 11
5 14 2
6 14 8
7 14 4
8 14 13
9 14 77
10 14 12
11 14 8
12 14 4
13 14 26
14 14 75
15 14 3
16 14 9
17 14 1
18 14 15
19 14 3
20 14 56
21 14 44
22 14 4
23 14 7
24 14 4
25 14 7
26 14 3
27 14 7
28 14 8
31 14 8
32 14 7
33 14 3
34 14 1
35 14 1
36 14 12
37 14 25
38 14 7
39 14 12
40 14 2
41 14 5
42 14 7
43 14 2
44 14 3
45 14 13
50 14 2
51 14 6
53 14 1
54 14 2
55 14 4
57 14 4
58 14 1
59 14 51
60 14 27
61 14 1
62 14 4
63 14 4
64 14 3
65 14 1
67 14 6
68 14 1
69 14 17
70 14 21
71 14 5
73 14 3
76 14 2
82 14 1
84 14 4
85 14 11
87 14 1
88 14 1
89 14 5
90 14 19
91 14 12
92 14 1
93 14 27
94 14 36
95 14 1
96 14 1
97 14 25
98 14 1
100 14 1
102 14 1
104 14 38
105 14 5
107 14 8
108 14 4
109 14 3
110 14 17
111 14 2
113 14 6
114 14 9
116 14 7
119 14 1
120 14 12
122 14 13
124 14 56
125 14 47
137 14 3
144 14 13
145 14 2
1 15 1
2 15 7
3 15 11
4 15 49
5 15 1
6 15 3
8 15 8
9 15 4
10 15 27
11 15 19
12 15 5
13 15 6
14 15 2
15 15 92
16 15 24
17 15 7
18 15 34
19 15 6
20 15 7
21 15 14
22 15 5
23 15 35
24 15 23
25 15 6
26 15 22
27 15 20
28 15 18
29 15 3
30 15 15
31 15 14
32 15 3
33 15 73
34 15 15
35 15 4
36 15 11
37 15 5
38 15 13
39 15 1
40 15 3
41 15 4
42 15 10
43 15 34
44 15 4
45 15 10
48 15 1
50 15 1
52 15 5
54 15 1
55 15 2
58 15 26
59 15 6
60 15 1
61 15 2
62 15 19
63 15 58
64 15 14
66 15 9
67 15 2
68 15 3
69 15 21
70 15 4
71 15 5
73 15 2
75 15 4
77 15 2
78 15 1
79 15 2
81 15 7
83 15 1
84 15 2
85 15 10
91 15 9
92 15 27
93 15 5
94 15 1
95 15 1
96 15 1
97 15 5
98 15 9
99 15 9
100 15 4
101 15 3
103 15 7
104 15 1
106 15 5
107 15 3
108 15 1
109 15 1
110 15 2
112 15 18
113 15 49
114 15 1
116 15 4
118 15 2
119 15 3
120 15 2
121 15 2
122 15 2
124 15 13
125 15 1
127 15 1
131 15 1
140 15 1
144 15 5
145 15 1
147 15 4
148 15 6
1 16 1
2 16 2
3 16 13
4 16 95
5 16 2
6 16 4
9 16 2
10 16 15
11 16 6
12 16 6
13 16 4
14 16 8
15 16 40
16 16 125
17 16 12
18 16 32
19 16 3
20 16 4
21 16 14
22 16 3
23 16 45
24 16 9
25 16 30
26 16 17
27 16 132
28 16 73
29 16 57
30 16 63
31 16 4
32 16 2
33 16 36
34 16 114
35 16 4
36 16 6
38 16 7
39 16 25
40 16 13
42 16 13
43 16 31
44 16 14
45 16 2
46 16 2
47 16 4
48 16 18
49 16 1
53 16 1
54 16 4
55 16 5
56 16 2
57 16 3
58 16 11
59 16 7
60 16 2
61 16 121
62 16 72
63 16 85
64 16 5
65 16 31
67 16 12
68 16 17
69 16 4
70 16 5
71 16 9
75 16 11
76 16 8
77 16 4
78 16 1
81 16 1
82 16 1
83 16 2
84 16 9
85 16 6
87 16 12
88 16 9
90 16 4
92 16 19
93 16 1
94 16 2
96 16 1
97 16 10
98 16 6
99 16 2
100 16 2
103 16 8
105 16 4
106 16 4
109 16 1
110 16 5
111 16 1
112 16 123
113 16 298
114 16 33
115 16 6
116 16 10
118 16 26
120 16 8
121 16 20
122 16 30
124 16 3
125 16 1
129 16 1
130 16 1
136 16 1
137 16 1
138 16 1
140 16 2
144 16 3
1 17 4
2 17 4
3 17 11
4 17 7
6 17 8
9 17 1
10 17 3
11 17 3
12 17 6
13 17 4
15 17 18
16 17 8
17 17 12
18 17 1
19 17 1
20 17 3
21 17 2
25 17 1
26 17 16
27 17 33
28 17 30
30 17 2
31 17 7
32 17 1
33 17 2
34 17 46
36 17 1
39 17 5
40 17 2
41 17 5
42 17 14
43 17 4
45 17 2
50 17 2
54 17 3
55 17 5
56 17 1
58 17 13
59 17 1
61 17 4
62 17 45
63 17 2
64 17 1
67 17 2
70 17 1
72 17 2
73 17 1
74 17 1
79 17 2
83 17 6
84 17 1
85 17 2
86 17 1
87 17 7
89 17 1
91 17 3
92 17 2
94 17 1
96 17 1
97 17 2
98 17 2
102 17 1
103 17 4
104 17 1
106 17 3
108 17 3
109 17 1
112 17 5
113 17 47
116 17 2
118 17 3
120 17 1
123 17 2
124 17 4
141 17 1
144 17 3
147 17 1
1 18 5
2 18 2
3 18 6
4 18 50
6 18 30
7 18 1
8 18 2
9 18 16
10 18 56
11 18 6
12 18 24
13 18 3
14 18 5
15 18 55
16 18 5
17 18 4
18 18 59
19 18 2
20 18 5
21 18 8
23 18 4
24 18 8
25 18 13
26 18 68
27 18 14
28 18 12
29 18 3
31 18 1
32 18 1
33 18 1
34 18 11
35 18 3
36 18 3
37 18 3
38 18 2
39 18 6
40 18 1
42 18 21
43 18 1
45 18 4
47 18 4
54 18 9
55 18 3
56 18 8
57 18 4
58 18 45
59 18 9
62 18 10
63 18 3
65 18 1
66 18 47
68 18 2
71 18 2
72 18 13
73 18 4
75 18 3
76 18 1
77 18 1
78 18 4
79 18 1
83 18 16
84 18 4
85 18 10
86 18 3
87 18 1
88 18 1
90 18 1
92 18 4
97 18 6
98 18 3
99 18 1
100 18 1
103 18 3
104 18 9
105 18 8
106 18 1
107 18 1
108 18 3
109 18 3
110 18 26
111 18 38
112 18 32
113 18 32
114 18 3
115 18 2
116 18 4
118 18 1
120 18 15
121 18 1
124 18 4
130 18 1
141 18 1
142 18 1
144 18 6
145 18 1
1 19 1
2 19 5
3 19 10
4 19 104
6 19 7
9 19 2
10 19 35
11 19 1
12 19 5
15 19 34
16 19 34
17 19 5
18 19 8
19 19 8
20 19 3
21 19 12
24 19 1
26 19 3
27 19 25
28 19 12
29 19 1
31 19 5
34 19 2
35 19 4
36 19 4
38 19 14
39 19 2
40 19 2
42 19 3
43 19 3
45 19 2
47 19 1
50 19 4
51 19 1
54 19 1
55 19 9
56 19 1
57 19 6
58 19 1
59 19 4
62 19 5
63 19 37
64 19 2
69 19 1
72 19 2
73 19 1
78 19 1
82 19 3
85 19 3
90 19 3
91 19 4
93 19 1
98 19 1
102 19 1
103 19 1
104 19 6
106 19 1
107 19 10
109 19 1
110 19 5
111 19 1
112 19 6
113 19 5
114 19 5
115 19 2
116 19 2
120 19 5
121 19 1
125 19 3
144 19 57
145 19 1
147 19 1
2 20 5
3 20 8
4 20 6
5 20 5
6 20 3
7 20 1
8 20 7
9 20 32
10 20 36
11 20 30
12 20 8
13 20 3
14 20 40
15 20 18
16 20 15
17 20 3
18 20 9
19 20 8
20 20 169
21 20 2
22 20 13
23 20 2
24 20 32
25 20 38
26 20 10
27 20 10
28 20 18
29 20 12
30 20 10
31 20 23
32 20 8
33 20 10
34 20 10
35 20 3
36 20 1
37 20 5
38 20 6
39 20 13
40 20 4
41 20 15
42 20 19
43 20 4
44 20 3
45 20 14
47 20 1
48 20 3
49 20 1
51 20 9
52 20 1
54 20 5
55 20 10
56 20 2
58 20 41
59 20 121
60 20 24
61 20 10
62 20 18
63 20 14
64 20 29
65 20 29
66 20 4
67 20 1
68 20 48
69 20 200
70 20 92
71 20 79
72 20 1
73 20 8
75 20 2
76 20 2
78 20 1
83 20 4
84 20 8
85 20 17
89 20 1
90 20 40
91 20 7
92 20 6
93 20 1
95 20 2
97 20 7
98 20 1
100 20 2
101 20 14
102 20 2
103 20 2
104 20 1
105 20 1
106 20 7
107 20 2
108 20 4
109 20 1
110 20 4
111 20 1
112 20 37
113 20 20
114 20 3
115 20 4
116 20 9
118 20 1
119 20 1
121 20 3
122 20 84
125 20 21
129 20 1
144 20 7
145 20 1
1 21 10
2 21 14
3 21 6
4 21 8
5 21 1
6 21 68
7 21 1
8 21 3
9 21 14
10 21 30
11 21 19
12 21 14
13 21 8
14 21 92
15 21 25
16 21 24
17 21 8
18 21 54
19 21 12
20 21 3
21 21 48
22 21 4
23 21 38
24 21 11
25 21 12
26 21 16
27 21 20
28 21 10
29 21 2
30 21 12
31 21 9
33 21 9
34 21 23
36 21 20
38 21 8
39 21 10
40 21 28
41 21 11
42 21 12
43 21 11
45 21 9
46 21 1
47 21 7
50 21 1
51 21 22
52 21 9
54 21 11
55 21 33
56 21 7
57 21 2
58 21 13
59 21 7
60 21 1
61 21 4
62 21 37
63 21 17
64 21 5
65 21 6
66 21 3
67 21 1
68 21 8
69 21 4
70 21 5
71 21 4
72 21 1
73 21 13
74 21 1
76 21 13
78 21 1
81 21 1
82 21 6
83 21 6
84 21 20
85 21 20
86 21 1
87 21 23
89 21 3
91 21 9
92 21 8
93 21 4
94 21 8
95 21 1
97 21 61
98 21 17
100 21 1
101 21 3
103 21 1
104 21 3
105 21 1
106 21 14
107 21 1
108 21 2
109 21 4
110 21 24
111 21 2
112 21 4
113 21 22
114 21 3
115 21 9
116 21 26
118 21 1
119 21 1
120 21 10
121 21 5
122 21 6
123 21 1
124 21 16
125 21 6
127 21 2
129 21 3
130 21 3
138 21 2
139 21 1
144 21 3
145 21 1
2 22 4
3 22 1
4 22 4
6 22 6
8 22 2
9 22 3
10 22 3
11 22 19
12 22 2
13 22 4
14 22 4
15 22 2
16 22 4
19 22 1
20 22 7
21 22 27
22 22 56
23 22 9
24 22 11
25 22 6
26 22 10
27 22 4
28 22 9
29 22 1
30 22 3
31 22 6
32 22 6
33 22 4
34 22 6
36 22 5
37 22 1
38 22 3
39 22 22
42 22 4
43 22 1
44 22 1
45 22 1
46 22 5
49 22 1
51 22 1
52 22 1
55 22 6
56 22 1
58 22 6
59 22 19
60 22 4
61 22 2
62 22 4
64 22 6
65 22 7
67 22 4
68 22 18
69 22 56
70 22 43
71 22 34
73 22 3
76 22 1
78 22 1
85 22 1
89 22 1
90 22 1
91 22 2
96 22 1
97 22 4
102 22 1
106 22 1
111 22 1
112 22 16
113 22 11
116 22 13
118 22 3
122 22 27
124 22 1
125 22 2
144 22 1
2 23 18
3 23 4
4 23 10
6 23 4
7 23 2
8 23 2
9 23 1
10 23 21
11 23 25
12 23 8
13 23 12
14 23 2
15 23 44
16 23 49
17 23 11
18 23 5
20 23 2
21 23 2
22 23 1
23 23 68
24 23 25
25 23 8
26 23 92
27 23 91
28 23 73
29 23 10
30 23 19
31 23 1
32 23 21
33 23 54
34 23 186
35 23 23
36 23 5
37 23 1
38 23 10
39 23 7
40 23 3
41 23 58
42 23 62
43 23 66
45 23 5
46 23 1
47 23 2
48 23 2
52 23 4
54 23 1
55 23 3
58 23 9
59 23 19
61 23 11
62 23 8
63 23 13
64 23 18
65 23 56
66 23 20
67 23 5
68 23 8
69 23 20
70 23 3
71 23 9
73 23 4
75 23 2
76 23 1
83 23 6
84 23 8
85 23 19
88 23 2
90 23 1
92 23 7
97 23 2
98 23 2
100 23 2
101 23 4
103 23 4
106 23 1
107 23 1
108 23 2
111 23 1
112 23 77
113 23 13
114 23 13
115 23 2
116 23 46
118 23 2
122 23 6
124 23 1
125 23 1
148 23 1
2 24 8
4 24 8
6 24 2
8 24 4
10 24 12
11 24 46
12 24 21
13 24 16
14 24 2
15 24 36
16 24 21
17 24 4
18 24 4
19 24 2
20 24 13
21 24 3
22 24 5
23 24 20
24 24 62
25 24 18
26 24 72
27 24 33
28 24 10
29 24 6
30 24 10
31 24 6
32 24 15
33 24 9
34 24 8
35 24 10
36 24 3
40 24 15
41 24 92
42 24 79
44 24 1
45 24 5
47 24 2
48 24 1
49 24 1
52 24 1
54 24 3
55 24 11
56 24 1
58 24 3
59 24 13
60 24 5
61 24 13
62 24 17
63 24 1
64 24 24
65 24 17
66 24 8
67 24 11
68 24 49
69 24 47
70 24 38
71 24 40
83 24 9
84 24 2
85 24 37
87 24 1
90 24 1
92 24 3
93 24 2
96 24 2
98 24 12
101 24 3
103 24 1
106 24 2
107 24 1
110 24 3
112 24 27
113 24 7
116 24 17
121 24 3
122 24 32
125 24 2
134 24 1
147 24 1
1 25 1
2 25 29
3 25 1
4 25 9
6 25 4
7 25 1
8 25 1
9 25 10
10 25 12
11 25 113
12 25 4
13 25 40
14 25 3
15 25 18
16 25 36
17 25 12
18 25 11
20 25 27
21 25 22
22 25 7
23 25 6
24 25 17
25 25 253
26 25 13
27 25 35
28 25 9
29 25 103
30 25 16
31 25 6
32 25 13
33 25 5
34 25 1
35 25 17
36 25 14
38 25 4
39 25 3
40 25 12
41 25 19
42 25 10
43 25 6
44 25 1
45 25 1
51 25 4
55 25 2
58 25 3
59 25 35
60 25 5
61 25 5
63 25 2
64 25 8
65 25 18
66 25 4
67 25 12
68 25 29
69 25 128
70 25 60
71 25 137
76 25 2
77 25 1
83 25 1
85 25 1
90 25 2
92 25 2
94 25 1
95 25 1
96 25 1
97 25 2
98 25 34
106 25 8
107 25 2
108 25 1
110 25 35
112 25 11
113 25 5
116 25 32
119 25 1
121 25 1
122 25 117
123 25 1
124 25 1
125 25 1
1 26 20
2 26 16
3 26 3
4 26 13
6 26 16
7 26 2
8 26 3
9 26 2
10 26 38
11 26 6
12 26 27
13 26 7
14 26 1
15 26 24
16 26 10
17 26 31
18 26 6
20 26 10
21 26 10
22 26 7
23 26 14
24 26 20
25 26 8
26 26 77
27 26 38
28 26 15
29 26 14
30 26 6
32 26 3
33 26 18
34 26 125
35 26 1
37 26 2
38 26 2
39 26 2
40 26 3
41 26 3
42 26 81
43 26 11
44 26 6
45 26 3
52 26 3
53 26 2
54 26 1
55 26 4
56 26 2
58 26 8
59 26 8
60 26 2
61 26 39
62 26 27
63 26 21
64 26 12
65 26 4
66 26 5
67 26 5
68 26 4
69 26 18
70 26 10
71 26 14
73 26 1
74 26 1
75 26 1
78 26 10
83 26 2
84 26 32
85 26 12
88 26 2
89 26 1
90 26 2
91 26 2
92 26 2
94 26 1
95 26 3
97 26 1
98 26 2
99 26 2
100 26 3
103 26 2
104 26 1
106 26 15
107 26 3
108 26 1
109 26 1
110 26 1
111 26 2
112 26 298
113 26 69
116 26 8
118 26 1
120 26 1
122 26 15
124 26 9
125 26 1
129 26 1
144 26 1
145 26 1
147 26 3
148 26 1
1 27 5
2 27 8
3 27 14
4 27 22
5 27 3
6 27 2
9 27 1
10 27 28
11 27 14
12 27 23
13 27 16
14 27 8
15 27 32
16 27 76
17 27 16
18 27 5
19 27 2
20 27 4
21 27 12
22 27 1
23 27 101
24 27 4
25 27 19
26 27 68
27 27 70
28 27 10
29 27 12
30 27 3
31 27 12
33 27 15
34 27 30
35 27 3
36 27 4
38 27 4
39 27 12
40 27 7
41 27 1
42 27 50
43 27 66
44 27 34
45 27 12
46 27 1
47 27 4
51 27 1
52 27 1
55 27 2
57 27 1
58 27 16
59 27 2
60 27 2
61 27 12
62 27 37
63 27 21
64 27 1
65 27 8
66 27 5
67 27 17
69 27 12
70 27 8
71 27 1
73 27 5
74 27 1
75 27 10
76 27 16
77 27 3
78 27 3
79 27 8
83 27 2
84 27 6
85 27 26
89 27 8
90 27 3
92 27 11
93 27 5
94 27 1
97 27 21
98 27 2
99 27 1
100 27 3
101 27 3
102 27 1
103 27 3
104 27 40
106 27 21
107 27 4
109 27 3
110 27 4
111 27 1
112 27 66
113 27 40
115 27 3
116 27 4
118 27 4
119 27 3
120 27 1
121 27 6
122 27 6
123 27 2
124 27 18
125 27 1
131 27 1
138 27 1
141 27 2
142 27 2
143 27 1
144 27 7
149 27 1
1 28 2
2 28 9
3 28 13
4 28 25
8 28 1
9 28 1
10 28 16
11 28 7
12 28 15
13 28 13
14 28 1
15 28 17
16 28 69
17 28 3
18 28 8
19 28 1
20 28 4
21 28 6
23 28 66
24 28 12
25 28 6
26 28 10
27 28 4
28 28 54
30 28 6
31 28 51
32 28 1
33 28 37
34 28 39
35 28 6
36 28 2
37 28 2
38 28 2
39 28 1
40 28 21
41 28 1
42 28 36
43 28 4
44 28 4
45 28 1
46 28 6
47 28 2
48 28 2
52 28 12
54 28 2
55 28 38
56 28 1
58 28 30
60 28 5
61 28 43
62 28 21
63 28 10
64 28 6
65 28 2
66 28 12
67 28 42
68 28 1
69 28 10
70 28 3
71 28 11
73 28 1
75 28 2
76 28 6
77 28 1
79 28 1
81 28 1
83 28 2
84 28 1
85 28 11
86 28 1
87 28 15
88 28 2
91 28 2
92 28 6
93 28 3
94 28 5
97 28 6
98 28 3
99 28 1
101 28 5
102 28 2
103 28 86
104 28 3
106 28 12
107 28 1
109 28 2
110 28 1
112 28 19
113 28 5
114 28 1
115 28 3
116 28 2
118 28 11
119 28 9
120 28 3
121 28 1
122 28 10
123 28 6
124 28 16
144 28 2
2 29 1
3 29 5
4 29 2
6 29 18
8 29 1
10 29 34
11 29 2
12 29 10
13 29 18
14 29 2
15 29 7
16 29 83
18 29 1
20 29 4
21 29 2
23 29 15
24 29 38
25 29 2
26 29 53
27 29 9
28 29 7
29 29 23
30 29 39
31 29 1
32 29 1
33 29 10
34 29 21
35 29 2
36 29 2
39 29 2
40 29 13
41 29 3
42 29 17
43 29 2
46 29 2
55 29 2
56 29 1
58 29 3
59 29 5
60 29 4
61 29 7
62 29 11
63 29 2
65 29 11
66 29 13
67 29 6
68 29 5
69 29 13
70 29 2
73 29 3
83 29 3
85 29 4
91 29 2
92 29 1
94 29 1
108 29 1
112 29 38
113 29 3
116 29 1
118 29 1
122 29 1
125 29 1
2 30 30
3 30 1
4 30 20
6 30 1
9 30 2
10 30 15
11 30 59
12 30 11
13 30 11
14 30 2
15 30 20
16 30 21
17 30 5
18 30 2
20 30 2
21 30 1
22 30 3
23 30 11
24 30 12
25 30 6
26 30 16
27 30 24
28 30 6
29 30 36
30 30 50
31 30 1
32 30 3
33 30 6
34 30 14
35 30 10
36 30 3
40 30 1
41 30 6
42 30 29
43 30 3
45 30 5
47 30 2
49 30 1
52 30 7
55 30 1
56 30 8
58 30 4
59 30 68
60 30 11
61 30 71
62 30 71
63 30 9
64 30 6
65 30 8
66 30 3
67 30 10
68 30 23
69 30 37
70 30 9
71 30 29
73 30 50
74 30 1
77 30 3
83 30 7
84 30 13
85 30 10
87 30 2
88 30 1
90 30 1
91 30 2
92 30 2
93 30 1
96 30 1
97 30 7
98 30 7
102 30 1
103 30 1
106 30 1
110 30 1
112 30 10
113 30 4
115 30 1
116 30 26
121 30 1
122 30 12
124 30 1
125 30 1
138 30 1
144 30 1
147 30 2
148 30 2
2 31 2
3 31 10
4 31 5
6 31 1
7 31 1
9 31 24
10 31 35
11 31 6
12 31 10
13 31 2
14 31 6
15 31 22
16 31 8
17 31 36
18 31 7
19 31 3
20 31 10
21 31 6
22 31 3
23 31 2
24 31 1
25 31 2
26 31 24
27 31 14
28 31 37
29 31 5
30 31 2
31 31 47
32 31 25
35 31 9
36 31 13
37 31 2
38 31 2
39 31 12
40 31 3
41 31 1
42 31 14
43 31 15
44 31 1
45 31 3
47 31 1
50 31 6
51 31 1
52 31 5
54 31 2
55 31 25
58 31 5
59 31 9
60 31 4
61 31 2
62 31 9
63 31 8
64 31 6
65 31 5
67 31 1
68 31 2
69 31 5
70 31 17
73 31 5
75 31 5
77 31 2
78 31 7
82 31 1
84 31 1
85 31 44
90 31 3
92 31 4
93 31 1
97 31 14
98 31 2
101 31 3
103 31 8
104 31 2
105 31 1
107 31 3
109 31 1
110 31 6
112 31 10
113 31 15
114 31 3
116 31 1
117 31 1
118 31 5
119 31 1
121 31 4
122 31 1
123 31 1
124 31 3
125 31 2
129 31 1
142 31 1
143 31 1
144 31 2
1 32 5
2 32 4
3 32 6
5 32 2
6 32 1
9 32 8
10 32 5
11 32 22
12 32 2
13 32 33
14 32 5
15 32 5
16 32 3
17 32 1
19 32 1
20 32 9
21 32 5
22 32 1
23 32 25
24 32 12
25 32 6
26 32 14
27 32 7
28 32 8
29 32 5
30 32 5
31 32 10
32 32 73
33 32 3
34 32 9
35 32 6
36 32 3
37 32 1
38 32 5
39 32 3
41 32 7
42 32 6
44 32 4
45 32 8
47 32 1
51 32 5
52 32 11
54 32 1
55 32 2
58 32 11
59 32 27
60 32 6
61 32 2
62 32 4
63 32 7
64 32 10
65 32 10
66 32 2
68 32 2
69 32 16
70 32 9
71 32 11
75 32 8
83 32 5
85 32 8
90 32 6
91 32 6
92 32 1
97 32 5
98 32 1
100 32 1
101 32 1
103 32 14
109 32 8
110 32 2
112 32 20
113 32 9
115 32 1
116 32 8
122 32 4
123 32 1
124 32 1
125 32 10
144 32 2
145 32 1
2 33 19
3 33 2
4 33 1
6 33 2
10 33 12
11 33 4
12 33 6
13 33 1
15 33 24
16 33 24
18 33 1
20 33 1
21 33 2
23 33 49
24 33 6
25 33 2
26 33 35
27 33 8
28 33 21
29 33 2
30 33 1
32 33 2
33 33 26
34 33 20
35 33 5
38 33 2
39 33 1
40 33 21
42 33 36
43 33 1
45 33 1
54 33 14
58 33 2
59 33 2
61 33 6
62 33 3
63 33 7
64 33 10
65 33 1
66 33 4
67 33 19
69 33 4
70 33 3
83 33 4
84 33 1
85 33 4
92 33 1
94 33 19
96 33 2
103 33 1
109 33 3
110 33 1
112 33 7
113 33 1
115 33 1
116 33 1
118 33 1
120 33 2
121 33 1
122 33 4
125 33 3
144 33 1
1 34 1
2 34 15
3 34 15
4 34 11
7 34 1
10 34 17
11 34 12
12 34 11
13 34 1
15 34 14
16 34 25
17 34 4
18 34 1
20 34 6
21 34 5
23 34 21
24 34 5
25 34 1
26 34 62
27 34 7
28 34 9
29 34 1
30 34 5
32 34 1
33 34 5
34 34 37
36 34 1
38 34 7
39 34 1
40 34 6
41 34 2
42 34 13
43 34 2
44 34 2
45 34 5
47 34 3
51 34 1
52 34 11
54 34 9
56 34 1
58 34 1
59 34 2
61 34 1
62 34 1
63 34 5
64 34 2
65 34 2
66 34 4
67 34 6
68 34 1
69 34 9
70 34 1
73 34 1
75 34 1
78 34 1
83 34 34
84 34 2
85 34 22
87 34 1
92 34 1
93 34 2
94 34 1
97 34 9
98 34 1
100 34 1
103 34 2
112 34 13
113 34 5
114 34 1
116 34 2
121 34 1
122 34 1
124 34 1
125 34 1
131 34 1
144 34 3
148 34 1
1 35 2
2 35 9
3 35 6
4 35 14
5 35 1
6 35 2
9 35 39
10 35 6
11 35 15
12 35 5
13 35 2
14 35 4
15 35 13
16 35 7
17 35 12
18 35 5
19 35 5
20 35 1
21 35 1
22 35 1
23 35 1
24 35 4
25 35 22
26 35 12
27 35 14
28 35 10
29 35 17
30 35 14
31 35 8
32 35 1
33 35 3
34 35 9
35 35 29
36 35 10
37 35 6
38 35 8
39 35 4
40 35 6
41 35 1
42 35 8
43 35 1
44 35 1
45 35 1
51 35 2
54 35 4
55 35 11
56 35 1
58 35 36
59 35 1
61 35 42
62 35 8
63 35 6
64 35 69
65 35 24
67 35 6
68 35 5
69 35 7
71 35 1
73 35 5
75 35 1
76 35 9
78 35 5
81 35 1
82 35 1
83 35 2
84 35 3
85 35 5
87 35 6
88 35 1
89 35 1
91 35 5
92 35 7
94 35 26
97 35 6
98 35 34
101 35 1
103 35 1
106 35 13
107 35 1
108 35 1
109 35 1
110 35 47
112 35 6
113 35 14
114 35 2
115 35 8
116 35 14
120 35 2
122 35 5
123 35 1
124 35 2
125 35 6
127 35 2
129 35 1
130 35 2
144 35 2
1 36 11
2 36 6
3 36 17
4 36 11
6 36 25
7 36 7
8 36 5
9 36 28
10 36 43
11 36 4
12 36 7
13 36 15
14 36 13
15 36 17
16 36 21
17 36 5
18 36 1
19 36 5
20 36 6
21 36 38
22 36 4
23 36 4
24 36 7
25 36 10
26 36 8
27 36 10
28 36 13
30 36 7
31 36 25
32 36 3
33 36 2
34 36 7
35 36 2
36 36 73
38 36 56
39 36 40
40 36 10
41 36 6
42 36 23
43 36 40
44 36 8
45 36 5
47 36 4
48 36 1
50 36 2
51 36 35
52 36 5
54 36 15
55 36 3
56 36 6
57 36 3
58 36 5
59 36 20
60 36 4
61 36 2
62 36 6
63 36 3
64 36 1
66 36 1
67 36 3
68 36 4
69 36 4
70 36 2
71 36 4
72 36 1
73 36 5
78 36 17
79 36 2
80 36 1
82 36 2
84 36 6
85 36 6
86 36 2
87 36 9
88 36 3
89 36 1
90 36 4
91 36 11
92 36 2
94 36 4
97 36 31
98 36 36
102 36 1
104 36 4
105 36 5
106 36 10
107 36 10
108 36 3
109 36 15
110 36 49
111 36 5
112 36 4
113 36 42
114 36 13
115 36 22
116 36 20
120 36 15
121 36 5
122 36 2
124 36 17
125 36 6
128 36 2
129 36 1
132 36 1
136 36 2
140 36 1
144 36 15
145 36 8
1 37 1
2 37 4
3 37 9
4 37 3
5 37 2
6 37 2
7 37 1
8 37 6
9 37 38
10 37 5
11 37 8
12 37 1
13 37 2
14 37 29
15 37 2
18 37 1
19 37 2
20 37 8
21 37 4
22 37 2
23 37 3
26 37 1
27 37 4
31 37 10
32 37 3
34 37 5
35 37 4
36 37 4
37 37 26
38 37 3
39 37 4
40 37 1
41 37 3
43 37 2
44 37 4
45 37 5
47 37 2
51 37 4
53 37 2
54 37 11
55 37 1
56 37 1
57 37 1
58 37 3
59 37 5
60 37 11
62 37 6
63 37 5
64 37 1
72 37 1
73 37 2
76 37 3
77 37 2
79 37 1
84 37 3
86 37 4
87 37 1
88 37 1
89 37 1
90 37 10
91 37 5
92 37 1
93 37 1
95 37 1
97 37 5
100 37 1
101 37 1
103 37 5
104 37 5
106 37 1
109 37 2
110 37 3
111 37 2
112 37 2
113 37 3
114 37 8
115 37 2
116 37 1
120 37 2
124 37 5
125 37 3
132 37 1
144 37 8
145 37 5
1 38 15
2 38 3
3 38 7
4 38 5
6 38 42
7 38 6
8 38 8
9 38 31
10 38 17
11 38 12
12 38 4
13 38 7
14 38 11
15 38 10
16 38 19
17 38 5
18 38 7
19 38 5
20 38 15
21 38 15
23 38 13
24 38 4
25 38 1
26 38 7
27 38 5
28 38 8
30 38 1
31 38 2
32 38 1
34 38 2
35 38 6
36 38 37
37 38 2
38 38 31
39 38 7
40 38 15
41 38 1
42 38 6
43 38 2
44 38 2
45 38 60
47 38 1
48 38 1
49 38 1
51 38 10
52 38 3
53 38 2
54 38 12
55 38 2
56 38 2
57 38 2
58 38 3
59 38 5
60 38 3
62 38 4
63 38 8
64 38 37
65 38 6
66 38 1
67 38 6
69 38 2
73 38 5
78 38 2
82 38 3
84 38 6
85 38 2
86 38 1
87 38 3
88 38 3
89 38 8
90 38 8
91 38 1
94 38 1
95 38 1
96 38 1
97 38 7
98 38 9
99 38 1
100 38 3
101 38 1
103 38 1
104 38 2
106 38 2
108 38 4
109 38 26
110 38 36
111 38 4
112 38 4
113 38 6
114 38 19
115 38 6
116 38 5
118 38 4
120 38 3
121 38 1
124 38 10
125 38 8
128 38 2
140 38 2
144 38 16
145 38 3
1 39 3
2 39 4
3 39 5
4 39 22
6 39 3
7 39 8
8 39 11
9 39 42
10 39 12
11 39 1
12 39 1
13 39 1
14 39 11
15 39 5
17 39 6
18 39 3
20 39 24
21 39 12
22 39 2
23 39 4
25 39 4
26 39 1
27 39 19
28 39 1
29 39 2
30 39 3
31 39 15
32 39 39
33 39 5
34 39 1
36 39 24
37 39 5
38 39 7
39 39 58
40 39 2
41 39 7
42 39 2
43 39 2
45 39 12
46 39 1
47 39 1
48 39 1
49 39 1
50 39 2
51 39 7
52 39 1
54 39 10
55 39 11
58 39 3
59 39 22
60 39 3
62 39 2
63 39 2
67 39 1
68 39 2
69 39 17
70 39 4
71 39 19
73 39 7
75 39 1
76 39 1
78 39 7
82 39 1
84 39 2
85 39 6
87 39 2
88 39 4
89 39 3
90 39 17
91 39 5
95 39 4
96 39 1
97 39 3
98 39 4
100 39 2
101 39 1
104 39 2
105 39 13
106 39 7
107 39 5
108 39 3
109 39 2
110 39 7
111 39 1
112 39 1
113 39 2
114 39 4
115 39 2
116 39 1
120 39 3
121 39 1
123 39 1
124 39 2
125 39 9
144 39 29
145 39 1
1 40 1
2 40 2
3 40 6
4 40 15
5 40 2
6 40 15
9 40 6
10 40 3
11 40 1
13 40 2
14 40 4
15 40 1
16 40 6
17 40 7
20 40 4
21 40 10
23 40 2
24 40 2
25 40 33
26 40 1
27 40 5
28 40 4
31 40 22
33 40 4
34 40 25
35 40 1
36 40 9
37 40 2
38 40 2
39 40 5
40 40 40
41 40 18
42 40 3
43 40 3
44 40 1
51 40 5
52 40 14
54 40 1
55 40 1
56 40 5
58 40 5
59 40 3
61 40 23
69 40 5
70 40 4
73 40 3
75 40 1
88 40 13
89 40 4
90 40 3
91 40 9
92 40 3
94 40 4
95 40 2
97 40 9
98 40 6
100 40 2
103 40 1
104 40 3
106 40 1
107 40 1
108 40 1
109 40 6
110 40 3
111 40 17
112 40 4
113 40 19
116 40 4
118 40 2
120 40 1
121 40 1
124 40 10
132 40 1
140 40 1
144 40 6
2 41 4
3 41 14
5 41 10
6 41 1
8 41 2
9 41 12
10 41 23
11 41 5
12 41 6
13 41 2
14 41 6
15 41 8
16 41 15
17 41 4
18 41 2
20 41 1
21 41 3
23 41 74
24 41 81
25 41 6
26 41 34
27 41 11
28 41 31
29 41 5
30 41 15
31 41 5
32 41 3
33 41 3
34 41 29
35 41 5
36 41 12
37 41 9
38 41 6
39 41 15
41 41 69
42 41 17
43 41 4
44 41 8
45 41 5
50 41 1
51 41 35
52 41 1
54 41 7
55 41 6
56 41 2
57 41 3
58 41 4
59 41 50
60 41 5
61 41 12
62 41 17
63 41 12
64 41 6
65 41 2
66 41 4
67 41 10
68 41 2
69 41 14
70 41 14
71 41 8
73 41 1
77 41 5
83 41 1
84 41 4
85 41 13
88 41 1
90 41 7
91 41 4
92 41 4
96 41 2
97 41 4
100 41 8
101 41 2
104 41 1
107 41 1
110 41 3
111 41 1
112 41 106
113 41 27
116 41 9
119 41 1
121 41 1
122 41 5
124 41 14
125 41 8
144 41 50
145 41 1
2 42 10
3 42 11
4 42 13
6 42 1
7 42 1
8 42 3
9 42 4
10 42 12
11 42 29
12 42 6
13 42 5
15 42 13
16 42 10
17 42 11
18 42 12
20 42 4
21 42 7
22 42 1
23 42 9
24 42 22
25 42 6
26 42 93
27 42 47
28 42 15
29 42 3
30 42 8
31 42 5
32 42 2
33 42 41
34 42 88
35 42 2
36 42 3
38 42 4
39 42 4
40 42 2
41 42 2
42 42 66
43 42 37
44 42 3
45 42 5
46 42 22
47 42 1
48 42 2
49 42 1
52 42 13
54 42 3
55 42 5
58 42 5
59 42 2
61 42 42
62 42 39
63 42 91
64 42 3
65 42 2
66 42 7
67 42 1
69 42 5
70 42 1
71 42 1
73 42 5
75 42 1
76 42 1
77 42 1
78 42 1
81 42 1
83 42 6
84 42 2
85 42 4
86 42 2
87 42 2
88 42 2
89 42 3
91 42 2
92 42 3
93 42 1
94 42 2
96 42 2
97 42 1
98 42 4
103 42 2
106 42 5
107 42 3
110 42 1
111 42 1
112 42 49
113 42 81
114 42 1
115 42 1
116 42 7
117 42 1
119 42 4
120 42 1
121 42 21
122 42 4
123 42 1
124 42 1
125 42 1
138 42 1
144 42 6
1 43 4
2 43 1
3 43 8
4 43 15
6 43 16
9 43 6
10 43 10
11 43 4
12 43 2
13 43 7
14 43 2
15 43 22
16 43 44
17 43 6
19 43 2
20 43 3
21 43 13
23 43 64
24 43 1
25 43 4
26 43 7
27 43 7
28 43 1
29 43 2
31 43 5
32 43 1
33 43 51
34 43 1
35 43 2
36 43 61
37 43 6
38 43 7
39 43 8
40 43 2
41 43 3
42 43 38
43 43 50
45 43 2
47 43 2
49 43 2
50 43 9
51 43 1
54 43 2
55 43 15
56 43 18
57 43 27
58 43 15
59 43 6
62 43 4
63 43 17
66 43 2
73 43 4
78 43 18
83 43 3
84 43 2
85 43 13
87 43 1
89 43 1
90 43 2
92 43 2
95 43 1
97 43 9
100 43 1
102 43 2
103 43 2
105 43 6
106 43 68
107 43 5
109 43 1
110 43 6
111 43 1
112 43 5
113 43 68
114 43 10
115 43 4
116 43 1
120 43 4
121 43 1
123 43 8
124 43 16
133 43 2
144 43 22
145 43 3
2 44 4
3 44 1
4 44 2
5 44 8
6 44 5
7 44 1
8 44 1
9 44 21
10 44 10
11 44 2
12 44 1
13 44 7
15 44 19
16 44 11
20 44 11
21 44 2
22 44 4
23 44 2
24 44 2
26 44 6
27 44 51
28 44 11
31 44 1
32 44 2
33 44 6
34 44 4
35 44 2
36 44 2
37 44 2
38 44 1
40 44 5
41 44 6
42 44 7
44 44 25
45 44 34
46 44 9
47 44 1
48 44 4
52 44 34
53 44 5
54 44 4
55 44 1
56 44 1
58 44 1
59 44 8
60 44 4
61 44 4
62 44 4
63 44 18
64 44 1
66 44 1
67 44 21
69 44 2
70 44 8
71 44 1
73 44 1
75 44 1
76 44 26
79 44 2
80 44 1
81 44 2
83 44 1
89 44 2
90 44 1
91 44 3
93 44 1
94 44 4
95 44 3
96 44 7
97 44 1
98 44 6
99 44 1
100 44 3
101 44 12
102 44 5
103 44 6
105 44 1
106 44 1
109 44 1
110 44 2
113 44 11
114 44 1
115 44 3
118 44 1
121 44 10
124 44 3
144 44 3
145 44 1
1 45 5
2 45 5
3 45 3
4 45 9
5 45 3
6 45 23
7 45 67
8 45 72
9 45 123
10 45 7
11 45 7
12 45 5
13 45 4
14 45 14
15 45 14
16 45 5
17 45 1
18 45 9
19 45 1
20 45 23
21 45 6
22 45 7
23 45 6
24 45 16
25 45 7
26 45 9
27 45 26
28 45 13
29 45 1
30 45 1
31 45 13
32 45 3
33 45 4
34 45 3
35 45 2
36 45 14
37 45 13
38 45 53
39 45 5
40 45 1
41 45 7
42 45 16
43 45 11
44 45 43
45 45 120
46 45 3
47 45 11
48 45 11
49 45 5
50 45 5
51 45 6
52 45 13
53 45 16
54 45 7
55 45 10
56 45 19
57 45 10
58 45 7
59 45 22
60 45 4
62 45 5
63 45 17
64 45 1
65 45 2
66 45 1
67 45 4
68 45 5
69 45 17
70 45 7
71 45 3
72 45 14
73 45 5
74 45 2
75 45 6
76 45 5
77 45 5
78 45 3
79 45 7
80 45 2
81 45 3
83 45 3
84 45 4
85 45 1
86 45 3
87 45 8
88 45 71
89 45 3
90 45 5
91 45 4
92 45 3
93 45 15
94 45 13
95 45 26
96 45 59
97 45 7
98 45 13
99 45 1
100 45 5
101 45 36
102 45 13
103 45 54
104 45 3
105 45 8
106 45 2
107 45 2
108 45 1
109 45 43
110 45 61
111 45 9
112 45 6
113 45 24
114 45 11
115 45 9
116 45 9
117 45 3
118 45 9
119 45 5
120 45 17
121 45 5
123 45 6
124 45 36
125 45 15
127 45 1
136 45 1
139 45 2
140 45 1
144 45 65
145 45 15
1 46 1
6 46 3
12 46 2
15 46 1
16 46 4
20 46 1
22 46 2
26 46 4
28 46 1
42 46 5
43 46 1
44 46 2
45 46 1
46 46 10
48 46 10
49 46 2
52 46 1
56 46 1
63 46 1
67 46 8
72 46 1
73 46 1
76 46 3
78 46 65
79 46 1
80 46 2
81 46 9
83 46 1
85 46 1
86 46 1
87 46 1
89 46 3
93 46 1
94 46 2
99 46 1
102 46 1
105 46 6
108 46 19
111 46 2
114 46 1
115 46 1
117 46 1
118 46 1
119 46 1
137 46 1
144 46 1
1 47 5
2 47 1
3 47 2
6 47 20
8 47 1
9 47 2
10 47 1
11 47 1
12 47 1
13 47 1
14 47 2
15 47 4
16 47 1
18 47 6
19 47 1
20 47 1
23 47 1
26 47 1
27 47 4
29 47 1
30 47 1
34 47 1
36 47 1
37 47 3
42 47 1
43 47 1
45 47 3
46 47 3
47 47 13
48 47 1
49 47 2
50 47 4
51 47 2
52 47 2
54 47 1
56 47 5
57 47 12
58 47 2
61 47 2
62 47 3
63 47 3
66 47 1
67 47 3
69 47 1
73 47 4
74 47 2
76 47 11
77 47 3
78 47 2
81 47 1
82 47 1
85 47 2
87 47 6
88 47 1
89 47 6
90 47 1
93 47 4
94 47 6
97 47 1
99 47 2
100 47 4
103 47 4
105 47 2
106 47 7
108 47 11
109 47 5
110 47 38
111 47 1
113 47 4
115 47 1
116 47 1
118 47 1
119 47 2
121 47 4
123 47 2
125 47 1
127 47 1
131 47 1
135 47 1
144 47 2
145 47 1
1 48 13
5 48 2
6 48 2
13 48 18
16 48 6
18 48 2
23 48 2
27 48 1
28 48 2
29 48 1
34 48 1
36 48 2
42 48 1
44 48 1
45 48 2
46 48 13
47 48 1
48 48 15
49 48 2
50 48 4
51 48 1
52 48 2
56 48 5
58 48 1
60 48 2
61 48 1
67 48 1
72 48 2
76 48 4
77 48 3
78 48 21
79 48 1
80 48 2
81 48 2
86 48 2
87 48 3
88 48 3
93 48 1
94 48 6
99 48 1
100 48 2
103 48 4
105 48 20
106 48 1
107 48 1
108 48 12
111 48 4
115 48 1
118 48 2
119 48 3
120 48 1
121 48 8
123 48 12
124 48 1
131 48 2
140 48 7
142 48 1
143 48 1
1 49 7
6 49 1
9 49 1
10 49 1
12 49 1
14 49 1
21 49 1
22 49 1
30 49 1
45 49 2
46 49 6
48 49 2
49 49 28
50 49 7
52 49 2
54 49 1
55 49 1
56 49 8
63 49 1
67 49 1
69 49 1
70 49 1
71 49 32
72 49 6
74 49 1
76 49 2
77 49 2
78 49 12
79 49 1
81 49 3
86 49 1
87 49 2
88 49 4
89 49 1
94 49 3
98 49 1
99 49 1
100 49 2
102 49 1
103 49 7
104 49 1
105 49 4
109 49 1
111 49 4
119 49 1
121 49 11
123 49 16
6 50 1
7 50 2
13 50 1
14 50 1
17 50 1
18 50 1
36 50 1
39 50 1
43 50 6
47 50 1
48 50 5
49 50 5
50 50 12
51 50 2
52 50 2
54 50 1
56 50 2
58 50 1
72 50 1
76 50 1
77 50 2
80 50 2
86 50 1
87 50 20
88 50 5
89 50 5
92 50 1
94 50 1
99 50 2
103 50 1
105 50 2
108 50 9
110 50 1
111 50 3
114 50 1
116 50 1
117 50 1
119 50 2
120 50 1
121 50 1
123 50 7
1 51 8
3 51 10
4 51 3
5 51 4
6 51 5
7 51 2
8 51 7
9 51 63
10 51 3
11 51 1
13 51 1
14 51 11
15 51 2
16 51 1
17 51 3
18 51 36
19 51 1
20 51 1
21 51 16
22 51 2
26 51 21
27 51 21
28 51 4
29 51 1
31 51 5
33 51 4
35 51 1
36 51 43
37 51 3
38 51 7
39 51 21
40 51 1
41 51 16
42 51 8
43 51 12
45 51 8
46 51 1
47 51 1
48 51 1
49 51 3
50 51 1
51 51 25
55 51 8
57 51 1
58 51 1
59 51 4
61 51 58
63 51 11
64 51 9
65 51 1
67 51 3
68 51 1
69 51 1
70 51 1
72 51 2
73 51 8
81 51 41
82 51 1
84 51 3
85 51 2
86 51 8
87 51 1
88 51 3
89 51 3
90 51 1
91 51 7
93 51 1
95 51 5
97 51 21
98 51 5
100 51 1
101 51 1
102 51 2
103 51 2
104 51 1
105 51 8
106 51 3
107 51 21
108 51 10
109 51 2
110 51 3
111 51 6
112 51 5
113 51 2
115 51 2
116 51 1
117 51 1
118 51 4
120 51 5
123 51 1
124 51 12
125 51 88
142 51 2
144 51 8
1 52 2
2 52 10
3 52 2
4 52 3
5 52 24
6 52 13
8 52 2
9 52 7
10 52 9
12 52 3
13 52 1
15 52 2
16 52 4
17 52 1
18 52 2
20 52 6
21 52 14
22 52 4
26 52 5
27 52 9
28 52 28
30 52 3
31 52 1
33 52 1
34 52 15
35 52 1
36 52 5
38 52 2
40 52 2
41 52 3
42 52 19
44 52 3
45 52 14
46 52 5
47 52 6
48 52 6
49 52 12
50 52 1
52 52 25
53 52 4
54 52 1
55 52 1
57 52 5
58 52 1
59 52 1
62 52 4
63 52 38
65 52 1
66 52 1
67 52 2
69 52 3
70 52 2
75 52 4
76 52 10
77 52 1
79 52 1
80 52 6
81 52 4
85 52 6
86 52 3
87 52 1
88 52 3
89 52 3
92 52 1
93 52 1
94 52 5
96 52 5
98 52 1
101 52 6
102 52 5
103 52 27
104 52 2
105 52 4
106 52 3
107 52 3
108 52 1
109 52 1
111 52 1
112 52 6
113 52 5
115 52 1
116 52 1
117 52 1
118 52 8
119 52 5
121 52 9
123 52 5
124 52 1
1 53 2
3 53 2
5 53 1
6 53 1
7 53 6
8 53 1
9 53 6
12 53 2
14 53 1
15 53 1
21 53 2
23 53 1
24 53 1
27 53 1
28 53 1
33 53 1
36 53 2
38 53 1
39 53 1
44 53 9
45 53 9
48 53 1
52 53 2
53 53 5
62 53 1
63 53 2
73 53 1
85 53 1
94 53 5
95 53 4
97 53 1
98 53 2
101 53 22
102 53 2
103 53 4
105 53 2
109 53 1
110 53 4
111 53 2
114 53 1
118 53 72
125 53 1
140 53 2
142 53 1
144 53 7
145 53 1
1 54 4
2 54 9
3 54 20
4 54 154
5 54 1
6 54 19
8 54 1
9 54 3
10 54 10
11 54 3
12 54 5
15 54 8
16 54 3
17 54 4
18 54 17
20 54 1
21 54 6
22 54 1
23 54 1
24 54 1
26 54 10
27 54 49
28 54 12
29 54 4
30 54 3
31 54 1
32 54 1
33 54 13
34 54 75
36 54 16
37 54 7
38 54 4
39 54 4
42 54 32
43 54 7
45 54 2
47 54 2
48 54 1
49 54 5
50 54 1
51 54 4
52 54 22
54 54 44
55 54 11
56 54 3
57 54 5
58 54 11
59 54 2
61 54 7
62 54 3
63 54 8
66 54 5
67 54 3
73 54 4
75 54 2
77 54 2
78 54 1
79 54 3
82 54 1
84 54 6
85 54 8
87 54 1
88 54 4
89 54 4
90 54 2
91 54 4
93 54 2
94 54 2
97 54 7
100 54 1
101 54 4
103 54 4
104 54 8
106 54 36
107 54 1
108 54 1
109 54 1
110 54 2
112 54 9
113 54 14
114 54 1
115 54 5
116 54 5
120 54 70
121 54 2
124 54 3
137 54 1
141 54 3
144 54 23
145 54 1
1 55 1
2 55 2
3 55 4
4 55 36
5 55 1
6 55 5
9 55 1
10 55 86
11 55 20
12 55 7
13 55 5
14 55 1
15 55 12
16 55 11
17 55 2
18 55 4
19 55 1
20 55 5
21 55 24
22 55 8
23 55 1
24 55 9
25 55 1
26 55 3
27 55 9
28 55 66
29 55 18
30 55 2
31 55 3
33 55 29
34 55 8
35 55 3
36 55 4
37 55 1
38 55 2
40 55 1
41 55 1
42 55 5
45 55 2
48 55 1
49 55 2
51 55 2
52 55 5
54 55 1
55 55 18
58 55 6
59 55 1
60 55 2
61 55 1
62 55 8
63 55 2
64 55 1
66 55 1
71 55 2
76 55 2
78 55 1
81 55 1
82 55 5
83 55 5
84 55 1
85 55 20
87 55 1
88 55 3
89 55 1
90 55 2
91 55 9
92 55 1
93 55 2
94 55 1
97 55 1
98 55 3
102 55 1
103 55 2
104 55 20
106 55 1
107 55 1
110 55 2
112 55 11
113 55 8
114 55 9
115 55 1
116 55 11
118 55 2
124 55 8
125 55 1
137 55 1
144 55 1
1 56 12
3 56 2
4 56 1
5 56 19
6 56 3
7 56 3
8 56 2
9 56 3
10 56 5
12 56 1
14 56 1
15 56 1
18 56 5
22 56 1
27 56 3
28 56 1
30 56 2
36 56 3
38 56 1
39 56 18
43 56 21
45 56 3
46 56 2
48 56 3
49 56 12
50 56 4
54 56 1
55 56 2
56 56 17
57 56 1
58 56 1
63 56 1
67 56 1
72 56 2
73 56 1
74 56 2
77 56 1
81 56 2
84 56 3
85 56 1
86 56 11
87 56 6
88 56 3
89 56 3
90 56 1
91 56 1
94 56 1
98 56 2
100 56 1
102 56 1
103 56 2
105 56 1
106 56 1
108 56 6
109 56 1
110 56 5
111 56 6
112 56 1
113 56 1
114 56 1
119 56 2
120 56 1
121 56 7
123 56 4
125 56 1
135 56 1
137 56 2
144 56 3
2 57 1
3 57 2
4 57 18
6 57 1
7 57 5
8 57 3
9 57 3
10 57 45
11 57 2
14 57 3
16 57 3
17 57 5
18 57 9
21 57 4
23 57 1
24 57 1
26 57 6
27 57 3
28 57 1
29 57 2
30 57 6
31 57 1
33 57 1
36 57 2
37 57 3
38 57 2
39 57 2
40 57 4
43 57 7
45 57 22
46 57 3
47 57 49
48 57 4
49 57 1
50 57 1
51 57 4
52 57 2
54 57 6
55 57 18
56 57 4
57 57 10
58 57 2
60 57 2
63 57 10
72 57 2
73 57 2
75 57 1
76 57 8
77 57 7
78 57 1
80 57 7
81 57 31
84 57 5
86 57 4
87 57 1
89 57 1
90 57 1
92 57 1
93 57 3
94 57 17
97 57 4
98 57 1
99 57 2
100 57 1
102 57 3
104 57 4
105 57 4
106 57 5
107 57 1
109 57 15
110 57 31
112 57 1
115 57 4
118 57 19
120 57 7
121 57 2
123 57 3
124 57 1
144 57 2
1 58 2
2 58 2
3 58 2
4 58 34
6 58 16
7 58 1
8 58 19
9 58 10
10 58 67
11 58 6
12 58 13
13 58 2
14 58 2
15 58 21
16 58 14
17 58 17
18 58 12
20 58 4
21 58 18
22 58 3
23 58 9
24 58 2
25 58 2
26 58 13
27 58 29
28 58 40
29 58 1
30 58 1
31 58 2
33 58 1
34 58 19
35 58 10
36 58 11
37 58 2
38 58 9
39 58 4
40 58 8
41 58 1
42 58 23
43 58 15
44 58 2
45 58 6
46 58 3
47 58 2
49 58 1
50 58 1
51 58 2
54 58 3
55 58 13
57 58 4
58 58 40
59 58 10
61 58 5
62 58 7
63 58 4
64 58 5
66 58 68
67 58 7
68 58 1
69 58 4
70 58 7
73 58 1
75 58 1
77 58 1
78 58 4
82 58 4
83 58 22
84 58 7
85 58 129
86 58 3
88 58 3
89 58 2
90 58 2
91 58 6
92 58 1
95 58 1
96 58 2
97 58 4
98 58 4
101 58 2
102 58 3
103 58 2
104 58 14
106 58 7
107 58 5
108 58 1
110 58 6
111 58 1
112 58 57
113 58 10
114 58 8
115 58 1
116 58 2
122 58 1
124 58 5
125 58 2
129 58 2
138 58 1
144 58 5
1 59 8
3 59 22
4 59 2
6 59 7
7 59 4
8 59 16
9 59 50
10 59 2
11 59 9
12 59 1
14 59 40
15 59 12
16 59 13
18 59 12
19 59 6
20 59 93
21 59 13
22 59 16
23 59 19
24 59 15
25 59 14
26 59 38
27 59 18
28 59 17
29 59 8
30 59 47
31 59 6
32 59 21
33 59 1
34 59 12
35 59 2
36 59 23
37 59 12
38 59 5
39 59 31
40 59 3
41 59 47
42 59 7
43 59 20
44 59 5
45 59 28
47 59 2
49 59 1
51 59 32
52 59 4
53 59 3
54 59 8
55 59 17
57 59 3
58 59 20
59 59 145
60 59 14
61 59 4
62 59 12
63 59 7
64 59 37
65 59 19
66 59 5
67 59 1
68 59 10
69 59 120
70 59 75
71 59 54
73 59 19
75 59 5
76 59 1
77 59 6
78 59 3
81 59 3
82 59 2
83 59 1
84 59 9
85 59 3
88 59 2
90 59 36
91 59 9
92 59 19
93 59 7
94 59 5
95 59 8
96 59 3
97 59 11
98 59 3
100 59 1
101 59 5
102 59 3
103 59 6
104 59 29
105 59 1
106 59 3
107 59 9
108 59 1
109 59 10
110 59 26
111 59 4
112 59 32
113 59 17
114 59 8
115 59 6
116 59 9
118 59 2
119 59 6
120 59 2
121 59 3
122 59 12
124 59 2
125 59 32
128 59 1
130 59 1
137 59 3
144 59 10
145 59 5
1 60 5
2 60 1
3 60 12
4 60 1
6 60 1
7 60 1
9 60 8
10 60 1
11 60 1
12 60 3
13 60 2
14 60 7
15 60 7
16 60 6
17 60 2
20 60 17
21 60 2
23 60 11
24 60 1
25 60 3
26 60 2
27 60 10
28 60 6
30 60 9
31 60 12
32 60 3
34 60 3
35 60 1
36 60 11
37 60 3
38 60 3
39 60 4
41 60 4
42 60 1
43 60 3
44 60 1
45 60 4
47 60 2
48 60 3
51 60 24
52 60 1
53 60 4
54 60 3
55 60 2
58 60 2
59 60 5
60 60 47
61 60 6
62 60 6
63 60 5
64 60 8
65 60 3
68 60 2
69 60 50
70 60 20
71 60 5
76 60 1
85 60 2
88 60 1
90 60 5
91 60 2
92 60 1
97 60 3
98 60 3
99 60 2
101 60 5
102 60 1
105 60 4
106 60 1
109 60 1
110 60 3
112 60 4
113 60 5
116 60 3
119 60 7
121 60 1
122 60 1
125 60 4
144 60 1
145 60 8
2 61 10
3 61 5
4 61 3
10 61 10
11 61 1
12 61 4
13 61 3
14 61 2
15 61 5
16 61 22
18 61 1
20 61 3
21 61 2
23 61 7
24 61 14
25 61 1
26 61 48
27 61 13
28 61 76
29 61 3
30 61 10
33 61 2
34 61 5
36 61 1
39 61 1
41 61 1
42 61 23
51 61 1
54 61 6
58 61 2
60 61 1
61 61 34
63 61 20
66 61 9
67 61 2
69 61 10
70 61 1
75 61 1
83 61 3
84 61 1
89 61 1
92 61 4
93 61 1
94 61 12
100 61 1
110 61 1
112 61 20
113 61 7
116 61 1
125 61 1
1 62 3
2 62 76
3 62 13
4 62 8
9 62 3
10 62 21
11 62 3
12 62 28
13 62 9
15 62 38
16 62 45
17 62 22
18 62 4
19 62 3
20 62 5
21 62 3
22 62 4
23 62 6
24 62 3
25 62 3
26 62 108
27 62 44
28 62 18
29 62 1
30 62 41
31 62 6
32 62 2
33 62 1
34 62 10
35 62 3
36 62 2
37 62 2
39 62 3
41 62 11
42 62 39
43 62 4
45 62 4
47 62 1
49 62 4
51 62 2
52 62 5
54 62 4
55 62 3
56 62 2
58 62 4
59 62 2
60 62 1
61 62 5
62 62 49
63 62 8
65 62 1
66 62 1
67 62 62
69 62 3
71 62 1
73 62 1
74 62 2
75 62 1
76 62 41
77 62 1
78 62 2
83 62 7
84 62 1
85 62 4
90 62 3
91 62 1
92 62 1
93 62 2
97 62 2
98 62 19
100 62 1
101 62 1
102 62 2
104 62 2
109 62 1
110 62 4
111 62 1
112 62 8
113 62 57
114 62 4
116 62 2
119 62 1
120 62 1
125 62 1
142 62 1
145 62 2
2 63 22
3 63 9
4 63 17
5 63 2
6 63 6
7 63 1
8 63 1
9 63 4
10 63 6
11 63 10
12 63 17
13 63 5
14 63 1
15 63 24
16 63 14
17 63 3
18 63 3
19 63 2
20 63 11
21 63 6
22 63 1
23 63 6
25 63 1
26 63 83
27 63 14
28 63 7
29 63 2
31 63 3
32 63 1
33 63 4
34 63 16
35 63 1
36 63 3
37 63 4
38 63 22
39 63 2
41 63 5
42 63 76
44 63 10
45 63 22
46 63 1
47 63 7
48 63 2
49 63 1
52 63 26
53 63 3
54 63 3
55 63 3
58 63 1
59 63 2
60 63 2
61 63 12
62 63 5
63 63 68
64 63 7
65 63 3
66 63 3
67 63 20
68 63 3
69 63 6
70 63 3
71 63 5
75 63 4
76 63 23
77 63 1
78 63 1
81 63 1
82 63 1
85 63 14
86 63 1
87 63 1
90 63 3
91 63 3
92 63 1
93 63 7
94 63 20
96 63 7
97 63 1
98 63 2
99 63 2
100 63 1
101 63 9
102 63 2
103 63 19
106 63 3
107 63 1
111 63 6
112 63 16
113 63 6
114 63 1
116 63 16
118 63 7
119 63 6
121 63 9
122 63 5
123 63 2
125 63 1
147 63 1
1 64 3
2 64 13
3 64 1
4 64 3
6 64 24
8 64 2
9 64 3
10 64 24
11 64 50
12 64 7
13 64 17
14 64 4
15 64 14
16 64 6
17 64 4
18 64 16
19 64 1
20 64 17
21 64 4
22 64 4
23 64 8
24 64 18
25 64 5
26 64 51
27 64 12
28 64 28
29 64 2
30 64 4
31 64 3
32 64 5
33 64 9
34 64 15
35 64 71
36 64 2
37 64 1
38 64 3
40 64 1
41 64 11
42 64 7
43 64 1
45 64 1
46 64 2
47 64 1
51 64 2
52 64 2
57 64 1
58 64 2
59 64 38
60 64 1
61 64 1
62 64 2
63 64 20
64 64 42
65 64 6
66 64 3
67 64 6
68 64 13
69 64 16
70 64 3
71 64 7
73 64 1
78 64 1
83 64 11
84 64 27
85 64 4
89 64 1
90 64 1
93 64 4
94 64 2
98 64 4
100 64 1
103 64 1
106 64 3
110 64 1
112 64 28
113 64 3
116 64 7
120 64 1
121 64 2
122 64 5
125 64 1
144 64 4
1 65 1
2 65 5
4 65 4
6 65 12
9 65 5
10 65 3
11 65 33
12 65 5
13 65 9
15 65 8
17 65 3
18 65 1
20 65 9
21 65 1
22 65 3
23 65 22
24 65 12
25 65 15
26 65 22
27 65 67
28 65 11
29 65 7
30 65 1
32 65 12
33 65 5
34 65 5
35 65 19
36 65 2
37 65 1
41 65 6
42 65 10
44 65 3
45 65 1
48 65 1
52 65 1
54 65 1
55 65 1
58 65 5
59 65 25
60 65 2
61 65 1
62 65 2
63 65 4
64 65 10
65 65 67
66 65 8
67 65 4
68 65 33
69 65 47
70 65 18
71 65 39
76 65 1
83 65 6
84 65 4
85 65 14
92 65 1
94 65 1
97 65 1
98 65 2
101 65 10
105 65 5
112 65 25
113 65 5
114 65 1
116 65 9
120 65 2
122 65 21
124 65 3
125 65 1
144 65 1
2 66 5
4 66 1
6 66 1
9 66 1
10 66 4
11 66 5
12 66 3
13 66 2
14 66 2
15 66 20
16 66 4
17 66 5
18 66 37
20 66 4
21 66 1
22 66 1
23 66 12
24 66 6
26 66 32
27 66 14
28 66 18
29 66 9
30 66 1
32 66 1
33 66 3
34 66 33
35 66 1
36 66 1
40 66 2
41 66 3
42 66 22
44 66 1
45 66 4
52 66 1
54 66 3
58 66 9
59 66 1
60 66 3
61 66 1
62 66 2
63 66 26
64 66 7
65 66 7
66 66 18
68 66 9
69 66 8
70 66 3
71 66 3
73 66 2
83 66 3
84 66 1
85 66 8
92 66 4
95 66 1
97 66 2
98 66 3
110 66 1
112 66 41
113 66 5
116 66 1
122 66 5
123 66 1
124 66 1
147 66 1
148 66 1
2 67 1
3 67 7
4 67 17
10 67 4
11 67 6
13 67 2
14 67 7
15 67 2
16 67 9
17 67 2
18 67 1
20 67 2
21 67 1
23 67 1
24 67 6
25 67 4
26 67 6
27 67 11
28 67 26
29 67 2
30 67 5
31 67 3
33 67 70
34 67 20
35 67 4
36 67 6
38 67 2
39 67 2
40 67 1
41 67 5
42 67 1
44 67 22
45 67 4
48 67 1
52 67 1
55 67 1
58 67 3
60 67 1
61 67 4
62 67 68
63 67 29
64 67 8
65 67 4
66 67 2
67 67 30
69 67 7
70 67 3
71 67 2
73 67 1
75 67 1
79 67 2
80 67 1
81 67 32
83 67 1
84 67 1
85 67 2
87 67 1
89 67 13
90 67 3
92 67 7
93 67 1
95 67 2
97 67 2
99 67 1
100 67 7
101 67 2
103 67 1
106 67 2
109 67 2
111 67 1
112 67 60
113 67 125
114 67 1
115 67 2
116 67 8
117 67 1
118 67 2
119 67 4
122 67 2
124 67 1
125 67 6
127 67 1
128 67 1
2 68 9
3 68 1
10 68 1
11 68 31
12 68 1
13 68 4
15 68 1
16 68 7
20 68 16
22 68 2
23 68 6
24 68 10
25 68 22
29 68 2
30 68 3
31 68 1
32 68 2
33 68 1
36 68 9
41 68 7
59 68 7
60 68 2
61 68 2
63 68 1
64 68 13
65 68 40
66 68 34
67 68 2
68 68 148
69 68 12
70 68 27
71 68 94
83 68 2
84 68 1
91 68 3
101 68 2
105 68 22
112 68 1
114 68 1
116 68 8
121 68 1
122 68 54
2 69 1
4 69 1
9 69 1
10 69 3
11 69 28
13 69 2
14 69 7
15 69 3
16 69 4
17 69 1
18 69 1
20 69 64
22 69 18
23 69 18
24 69 21
25 69 43
26 69 6
27 69 5
28 69 2
29 69 3
30 69 11
31 69 3
32 69 16
33 69 4
34 69 6
36 69 1
38 69 2
39 69 5
41 69 17
42 69 2
45 69 3
49 69 1
52 69 1
58 69 1
59 69 43
60 69 21
61 69 2
62 69 6
63 69 5
64 69 12
65 69 40
66 69 1
67 69 1
68 69 100
69 69 313
70 69 69
71 69 731
73 69 2
90 69 3
91 69 2
92 69 1
103 69 1
105 69 2
106 69 2
108 69 1
112 69 6
113 69 11
116 69 14
120 69 1
122 69 318
124 69 1
125 69 1
1 70 1
2 70 1
3 70 3
4 70 1
7 70 5
9 70 1
11 70 42
12 70 3
13 70 2
14 70 10
15 70 4
16 70 6
20 70 68
22 70 14
23 70 1
24 70 17
25 70 38
26 70 3
27 70 10
28 70 9
29 70 2
30 70 1
31 70 10
32 70 16
33 70 5
34 70 1
36 70 1
39 70 5
40 70 2
41 70 43
42 70 2
43 70 1
44 70 4
45 70 7
49 70 2
52 70 1
53 70 2
55 70 4
58 70 5
59 70 88
60 70 22
61 70 2
62 70 5
63 70 12
64 70 4
65 70 21
66 70 4
67 70 2
68 70 58
69 70 74
70 70 269
71 70 213
74 70 2
79 70 1
83 70 1
85 70 4
90 70 16
91 70 4
92 70 2
93 70 2
96 70 3
97 70 1
98 70 3
99 70 1
110 70 4
112 70 7
113 70 21
116 70 15
118 70 2
120 70 1
121 70 1
122 70 124
124 70 2
125 70 4
129 70 1
137 70 1
141 70 1
2 71 7
4 71 2
9 71 5
10 71 6
11 71 69
12 71 3
13 71 5
14 71 2
15 71 8
16 71 9
17 71 1
18 71 2
20 71 43
21 71 2
22 71 10
23 71 4
24 71 53
25 71 209
26 71 9
27 71 7
28 71 6
29 71 4
30 71 16
31 71 4
32 71 12
33 71 5
34 71 7
35 71 5
38 71 2
39 71 21
41 71 4
42 71 4
43 71 1
49 71 32
55 71 2
58 71 2
59 71 59
60 71 6
62 71 2
63 71 2
64 71 7
65 71 45
66 71 1
67 71 3
68 71 91
69 71 89
70 71 123
71 71 389
77 71 1
84 71 2
85 71 1
94 71 1
98 71 6
103 71 4
112 71 4
113 71 1
115 71 2
116 71 49
122 71 638
125 71 3
1 72 44
5 72 1
13 72 1
18 72 2
27 72 1
45 72 1
46 72 1
48 72 2
49 72 8
50 72 4
72 72 17
77 72 8
79 72 4
85 72 2
86 72 1
87 72 7
88 72 22
89 72 10
95 72 1
99 72 23
103 72 1
108 72 6
111 72 1
115 72 2
117 72 3
121 72 4
123 72 32
137 72 2
139 72 1
1 73 3
2 73 1
3 73 2
5 73 5
6 73 6
8 73 40
9 73 7
10 73 3
11 73 1
13 73 1
14 73 5
15 73 3
16 73 1
18 73 5
19 73 1
20 73 1
21 73 3
23 73 2
26 73 9
27 73 7
30 73 1
34 73 4
35 73 5
36 73 3
37 73 9
38 73 4
39 73 6
40 73 1
42 73 4
43 73 7
44 73 2
45 73 4
46 73 1
47 73 8
51 73 3
54 73 6
55 73 3
56 73 4
57 73 1
58 73 3
60 73 1
62 73 1
63 73 54
67 73 1
68 73 1
69 73 2
73 73 11
76 73 1
78 73 2
81 73 19
82 73 1
84 73 2
85 73 3
86 73 1
87 73 3
88 73 9
89 73 1
93 73 1
94 73 3
97 73 3
98 73 3
101 73 2
103 73 4
105 73 2
107 73 12
108 73 9
109 73 8
110 73 11
113 73 2
114 73 3
115 73 7
116 73 4
118 73 2
119 73 2
120 73 2
121 73 4
123 73 15
125 73 12
131 73 1
144 73 2
5 74 1
9 74 3
10 74 4
15 74 1
20 74 1
25 74 2
27 74 2
35 74 1
42 74 2
45 74 1
49 74 2
53 74 1
57 74 1
58 74 1
63 74 1
67 74 1
70 74 2
74 74 7
76 74 6
90 74 1
96 74 1
102 74 2
103 74 1
105 74 1
109 74 5
113 74 2
116 74 1
118 74 4
119 74 2
122 74 2
144 74 1
1 75 3
2 75 1
3 75 3
4 75 1
5 75 11
6 75 6
7 75 1
8 75 1
9 75 33
10 75 6
12 75 2
15 75 13
16 75 9
17 75 2
20 75 1
24 75 1
26 75 5
27 75 8
28 75 5
31 75 2
32 75 31
34 75 2
36 75 1
37 75 1
40 75 4
41 75 2
42 75 3
44 75 1
45 75 3
46 75 4
48 75 1
49 75 1
51 75 1
52 75 11
53 75 5
54 75 3
56 75 1
57 75 1
59 75 2
62 75 1
63 75 10
67 75 9
69 75 3
70 75 2
75 75 25
76 75 33
85 75 2
89 75 1
92 75 3
96 75 1
98 75 1
100 75 2
101 75 1
103 75 11
106 75 1
108 75 1
109 75 2
110 75 4
112 75 1
113 75 9
114 75 1
116 75 4
118 75 3
119 75 9
121 75 3
124 75 1
125 75 1
144 75 2
1 76 10
2 76 2
4 76 2
6 76 14
10 76 3
11 76 1
13 76 11
14 76 1
15 76 5
16 76 12
18 76 4
20 76 1
21 76 4
22 76 1
24 76 1
25 76 1
26 76 1
27 76 2
28 76 19
35 76 5
38 76 1
44 76 3
45 76 9
47 76 7
48 76 3
49 76 1
50 76 1
51 76 1
52 76 6
53 76 3
54 76 5
56 76 1
57 76 7
59 76 2
60 76 2
61 76 2
62 76 1
63 76 4
67 76 4
72 76 4
75 76 3
76 76 30
77 76 1
78 76 4
79 76 6
84 76 2
88 76 3
92 76 16
93 76 2
94 76 18
99 76 1
100 76 7
101 76 2
103 76 11
104 76 18
107 76 2
110 76 1
113 76 14
116 76 2
117 76 2
118 76 1
121 76 2
123 76 1
124 76 1
1 77 6
5 77 1
6 77 5
15 77 2
16 77 1
20 77 3
23 77 1
25 77 1
28 77 2
31 77 2
42 77 1
45 77 5
46 77 2
48 77 5
49 77 3
53 77 1
54 77 1
57 77 1
59 77 1
62 77 1
63 77 1
72 77 5
76 77 1
77 77 12
78 77 1
83 77 1
94 77 2
96 77 1
100 77 2
101 77 3
102 77 2
103 77 2
105 77 1
113 77 1
119 77 3
121 77 3
123 77 2
144 77 5
1 78 119
3 78 1
6 78 1
9 78 1
16 78 2
19 78 1
20 78 2
26 78 7
34 78 1
36 78 2
43 78 6
45 78 3
46 78 4
47 78 2
48 78 8
49 78 10
59 78 1
63 78 2
69 78 2
72 78 1
73 78 1
75 78 1
76 78 3
78 78 24
84 78 1
86 78 16
87 78 4
88 78 5
89 78 3
94 78 1
99 78 1
103 78 5
105 78 2
106 78 1
108 78 6
110 78 1
111 78 6
112 78 2
113 78 1
114 78 3
115 78 7
116 78 1
117 78 3
118 78 1
119 78 2
120 78 3
121 78 7
123 78 5
135 78 2
137 78 1
139 78 2
140 78 13
142 78 3
147 78 1
1 79 5
6 79 2
7 79 1
8 79 2
9 79 2
13 79 19
16 79 3
18 79 1
27 79 2
28 79 1
30 79 1
36 79 2
37 79 1
42 79 2
44 79 1
45 79 6
46 79 3
49 79 3
52 79 2
67 79 1
72 79 2
76 79 40
78 79 1
79 79 9
85 79 1
93 79 1
94 79 1
99 79 3
101 79 2
103 79 3
110 79 1
113 79 3
116 79 2
117 79 4
119 79 1
121 79 12
125 79 5
144 79 5
39 80 1
45 80 2
46 80 3
47 80 1
48 80 12
52 80 1
56 80 1
63 80 2
72 80 1
80 80 7
81 80 1
89 80 1
94 80 1
99 80 1
121 80 1
1 81 3
5 81 4
9 81 3
10 81 1
13 81 1
15 81 9
16 81 1
17 81 1
25 81 1
27 81 1
28 81 6
45 81 2
46 81 9
49 81 9
52 81 1
59 81 4
61 81 2
63 81 2
67 81 22
77 81 1
78 81 1
79 81 2
81 81 10
88 81 1
93 81 1
108 81 1
111 81 13
112 81 1
114 81 1
121 81 4
145 81 1
1 82 1
9 82 3
10 82 4
12 82 1
16 82 1
19 82 2
20 82 1
21 82 1
25 82 1
27 82 1
36 82 13
37 82 3
38 82 1
39 82 4
40 82 1
41 82 5
45 82 2
47 82 11
51 82 1
52 82 1
54 82 1
55 82 1
56 82 1
57 82 1
58 82 3
59 82 2
63 82 4
72 82 1
73 82 3
75 82 1
78 82 1
82 82 9
87 82 12
88 82 3
94 82 1
97 82 1
98 82 1
103 82 2
106 82 1
107 82 2
109 82 1
111 82 2
112 82 1
113 82 2
115 82 1
119 82 24
120 82 2
121 82 2
125 82 1
144 82 4
1 83 2
2 83 2
4 83 3
5 83 1
10 83 4
11 83 4
12 83 4
14 83 1
16 83 2
17 83 7
18 83 1
21 83 2
23 83 1
24 83 5
27 83 5
28 83 1
29 83 3
30 83 1
31 83 3
33 83 4
34 83 61
36 83 1
40 83 3
41 83 3
42 83 5
45 83 2
55 83 6
58 83 12
61 83 1
62 83 8
64 83 3
65 83 1
66 83 3
67 83 1
69 83 2
71 83 7
73 83 1
81 83 1
83 83 15
89 83 47
93 83 3
99 83 2
106 83 4
112 83 125
113 83 5
116 83 2
121 83 1
122 83 5
124 83 1
144 83 1
145 83 1
1 84 2
2 84 7
3 84 1
4 84 15
5 84 2
6 84 1
7 84 1
8 84 1
9 84 24
10 84 7
11 84 3
12 84 6
13 84 37
14 84 2
15 84 13
16 84 5
20 84 2
21 84 13
23 84 1
24 84 4
25 84 5
26 84 11
27 84 16
28 84 3
29 84 1
31 84 2
34 84 39
37 84 4
38 84 3
39 84 3
42 84 12
43 84 4
45 84 4
54 84 1
57 84 2
58 84 1
59 84 5
61 84 2
63 84 1
64 84 32
65 84 2
66 84 1
69 84 2
73 84 1
76 84 1
77 84 1
83 84 1
84 84 7
86 84 2
88 84 1
89 84 1
91 84 1
92 84 2
93 84 1
94 84 1
97 84 4
98 84 1
103 84 2
106 84 3
108 84 1
110 84 1
111 84 1
112 84 5
113 84 1
114 84 2
118 84 25
124 84 4
125 84 2
126 84 1
1 85 1
2 85 25
3 85 6
4 85 22
6 85 2
9 85 3
10 85 22
11 85 2
12 85 1
13 85 5
14 85 3
15 85 17
16 85 3
17 85 4
18 85 4
20 85 1
21 85 12
22 85 1
23 85 1
24 85 3
25 85 12
26 85 98
27 85 9
28 85 9
29 85 1
30 85 5
31 85 3
32 85 2
33 85 5
34 85 59
35 85 3
36 85 4
38 85 5
40 85 2
41 85 4
42 85 4
43 85 8
44 85 1
45 85 2
52 85 3
54 85 3
55 85 4
58 85 55
59 85 1
62 85 8
63 85 3
64 85 9
65 85 2
66 85 4
69 85 1
71 85 1
72 85 1
73 85 1
78 85 2
83 85 2
84 85 5
85 85 28
86 85 6
87 85 1
88 85 1
89 85 1
91 85 1
92 85 7
97 85 1
98 85 3
101 85 7
103 85 1
106 85 1
109 85 1
111 85 11
112 85 38
113 85 13
114 85 4
116 85 4
120 85 1
124 85 4
144 85 2
1 86 6
5 86 1
6 86 13
7 86 1
9 86 1
38 86 1
39 86 2
44 86 1
45 86 1
48 86 2
49 86 1
50 86 8
51 86 1
56 86 3
57 86 1
73 86 2
78 86 2
85 86 6
86 86 8
87 86 1
88 86 1
89 86 10
90 86 1
91 86 2
94 86 5
95 86 1
103 86 1
105 86 2
108 86 3
110 86 1
111 86 5
117 86 36
118 86 1
119 86 3
120 86 2
123 86 4
137 86 1
1 87 38
4 87 1
5 87 3
9 87 3
10 87 1
12 87 1
13 87 1
14 87 1
15 87 2
16 87 2
17 87 4
18 87 2
20 87 1
21 87 2
27 87 1
35 87 1
36 87 1
38 87 4
39 87 2
41 87 1
42 87 1
45 87 1
47 87 1
48 87 2
50 87 6
55 87 2
56 87 1
57 87 1
63 87 1
72 87 11
73 87 1
78 87 1
82 87 4
86 87 4
87 87 22
88 87 3
89 87 5
92 87 1
107 87 1
108 87 9
115 87 1
116 87 4
117 87 1
119 87 1
120 87 2
123 87 4
137 87 1
1 88 35
3 88 1
5 88 3
7 88 1
9 88 3
10 88 2
14 88 4
16 88 1
18 88 5
21 88 1
26 88 1
27 88 2
36 88 1
39 88 1
42 88 1
45 88 5
46 88 2
47 88 2
48 88 2
50 88 4
51 88 2
54 88 2
55 88 4
56 88 2
58 88 1
64 88 1
72 88 6
73 88 3
78 88 16
82 88 1
83 88 1
85 88 1
86 88 1
87 88 1
88 88 22
89 88 4
92 88 1
93 88 1
99 88 1
100 88 26
103 88 1
105 88 21
109 88 1
111 88 6
115 88 2
116 88 1
117 88 2
119 88 2
120 88 2
123 88 2
124 88 1
125 88 2
131 88 2
139 88 4
142 88 1
144 88 1
147 88 1
1 89 25
4 89 1
5 89 2
6 89 1
7 89 1
9 89 1
10 89 5
13 89 1
15 89 4
16 89 1
18 89 2
21 89 1
22 89 1
26 89 2
29 89 1
34 89 2
37 89 1
38 89 5
39 89 9
43 89 1
45 89 2
46 89 6
47 89 3
48 89 2
49 89 2
50 89 7
51 89 2
54 89 9
55 89 3
56 89 4
59 89 2
67 89 8
69 89 1
72 89 11
73 89 1
77 89 1
78 89 1
81 89 1
83 89 32
84 89 1
86 89 7
87 89 2
88 89 1
89 89 19
94 89 1
98 89 2
99 89 3
104 89 1
105 89 8
106 89 1
107 89 17
108 89 4
111 89 5
113 89 1
114 89 2
115 89 2
119 89 1
120 89 2
121 89 2
123 89 10
124 89 1
125 89 1
131 89 2
132 89 1
142 89 3
144 89 2
1 90 1
2 90 2
3 90 2
4 90 9
5 90 1
6 90 2
7 90 10
8 90 7
9 90 21
10 90 9
11 90 1
12 90 3
14 90 12
15 90 1
16 90 4
17 90 2
18 90 3
19 90 1
20 90 26
21 90 2
22 90 3
23 90 7
24 90 2
25 90 7
26 90 4
27 90 3
28 90 1
31 90 4
32 90 5
33 90 1
36 90 7
37 90 6
38 90 5
39 90 12
40 90 4
41 90 10
42 90 2
43 90 2
45 90 10
50 90 1
52 90 1
53 90 2
55 90 3
58 90 3
59 90 29
60 90 9
61 90 1
62 90 2
63 90 1
65 90 2
68 90 4
69 90 43
70 90 32
71 90 7
73 90 2
78 90 6
82 90 2
85 90 9
90 90 28
91 90 2
93 90 1
95 90 5
97 90 5
98 90 2
102 90 1
106 90 1
107 90 1
109 90 1
110 90 7
111 90 3
113 90 5
114 90 6
115 90 1
118 90 1
122 90 9
124 90 4
125 90 18
135 90 1
137 90 1
144 90 5
1 91 1
3 91 14
4 91 7
6 91 4
7 91 3
8 91 1
9 91 14
10 91 24
11 91 1
12 91 1
13 91 6
14 91 9
15 91 9
16 91 2
17 91 2
18 91 39
19 91 7
20 91 15
21 91 9
22 91 4
23 91 1
25 91 1
26 91 5
27 91 5
28 91 2
30 91 4
31 91 8
34 91 3
36 91 7
37 91 6
38 91 2
39 91 4
40 91 17
41 91 4
42 91 9
43 91 13
44 91 1
46 91 1
52 91 1
53 91 1
54 91 2
55 91 5
56 91 1
58 91 18
59 91 6
60 91 4
62 91 7
63 91 2
64 91 3
65 91 2
66 91 1
67 91 2
68 91 1
69 91 11
70 91 3
71 91 1
72 91 2
73 91 6
75 91 1
76 91 1
82 91 1
83 91 1
85 91 78
90 91 5
91 91 21
92 91 19
97 91 2
98 91 5
100 91 1
101 91 1
106 91 1
108 91 1
109 91 2
110 91 4
111 91 1
113 91 1
114 91 5
115 91 2
116 91 1
120 91 1
122 91 5
125 91 1
128 91 2
137 91 3
144 91 2
1 92 1
2 92 2
3 92 2
4 92 12
7 92 1
8 92 3
9 92 1
10 92 83
11 92 5
12 92 13
15 92 10
16 92 16
17 92 6
18 92 5
19 92 1
20 92 3
21 92 9
23 92 2
25 92 4
26 92 5
27 92 6
28 92 9
31 92 1
33 92 4
34 92 14
36 92 1
37 92 2
38 92 16
39 92 2
40 92 1
41 92 1
42 92 12
43 92 2
44 92 2
45 92 1
52 92 4
55 92 1
57 92 1
58 92 2
59 92 7
60 92 1
62 92 12
63 92 1
64 92 1
67 92 3
71 92 2
73 92 1
75 92 1
76 92 40
77 92 3
83 92 2
84 92 6
85 92 29
88 92 1
89 92 1
90 92 1
91 92 1
92 92 20
97 92 1
98 92 1
99 92 2
103 92 2
106 92 3
112 92 10
114 92 2
115 92 1
116 92 7
119 92 1
122 92 1
124 92 1
1 93 1
2 93 10
3 93 1
4 93 1
6 93 2
7 93 1
8 93 4
9 93 2
10 93 4
11 93 1
12 93 4
13 93 4
15 93 10
16 93 3
19 93 12
20 93 2
21 93 2
22 93 1
24 93 1
25 93 2
26 93 7
27 93 4
28 93 9
29 93 1
30 93 3
31 93 1
32 93 1
34 93 3
35 93 1
37 93 1
40 93 1
41 93 1
42 93 3
45 93 7
46 93 1
47 93 1
48 93 4
49 93 4
50 93 1
54 93 1
55 93 1
57 93 5
58 93 3
59 93 7
60 93 1
61 93 7
62 93 8
63 93 27
64 93 2
65 93 3
67 93 12
70 93 2
72 93 1
74 93 2
76 93 20
77 93 2
78 93 1
79 93 2
81 93 1
82 93 1
84 93 1
85 93 2
90 93 1
91 93 3
93 93 16
94 93 3
95 93 1
96 93 3
98 93 1
99 93 2
100 93 1
101 93 1
102 93 1
103 93 11
104 93 1
105 93 1
110 93 1
113 93 15
114 93 1
117 93 1
118 93 4
119 93 3
125 93 4
140 93 1
144 93 1
145 93 2
1 94 4
3 94 1
4 94 1
6 94 3
8 94 1
10 94 9
11 94 1
12 94 2
13 94 3
15 94 2
16 94 3
17 94 1
19 94 27
20 94 1
22 94 2
23 94 1
27 94 4
28 94 6
30 94 1
34 94 1
35 94 10
36 94 6
38 94 2
40 94 6
42 94 2
43 94 3
44 94 1
45 94 4
46 94 1
47 94 7
48 94 4
49 94 4
50 94 1
52 94 3
54 94 2
56 94 1
57 94 19
59 94 1
61 94 20
62 94 3
63 94 12
64 94 1
65 94 12
66 94 1
67 94 5
68 94 3
69 94 1
70 94 1
76 94 37
77 94 4
78 94 2
79 94 3
80 94 2
81 94 2
86 94 1
90 94 1
94 94 19
100 94 2
101 94 1
102 94 1
103 94 69
104 94 20
107 94 1
108 94 2
109 94 5
110 94 1
112 94 1
113 94 2
116 94 1
121 94 12
123 94 1
139 94 1
142 94 1
144 94 2
4 95 1
6 95 9
7 95 16
8 95 4
9 95 23
11 95 4
14 95 6
15 95 1
20 95 3
21 95 2
27 95 3
28 95 2
37 95 1
38 95 1
39 95 2
44 95 1
45 95 13
50 95 3
53 95 2
56 95 2
57 95 1
58 95 2
59 95 1
63 95 1
74 95 2
76 95 1
86 95 2
90 95 2
93 95 1
94 95 2
95 95 17
96 95 3
97 95 7
98 95 1
101 95 6
102 95 2
103 95 1
108 95 3
109 95 2
110 95 4
111 95 2
113 95 2
115 95 2
118 95 1
120 95 2
121 95 1
124 95 2
125 95 8
138 95 2
140 95 2
144 95 4
145 95 3
148 95 1
5 96 1
7 96 5
8 96 4
9 96 1
10 96 1
11 96 2
12 96 1
15 96 2
16 96 2
20 96 5
21 96 1
24 96 1
25 96 1
26 96 1
27 96 7
28 96 3
29 96 1
33 96 5
36 96 1
38 96 2
39 96 1
40 96 1
42 96 4
44 96 10
45 96 33
46 96 3
48 96 1
52 96 9
53 96 1
57 96 1
58 96 1
59 96 2
60 96 3
62 96 1
63 96 14
67 96 1
70 96 1
74 96 1
75 96 1
76 96 3
78 96 2
80 96 1
84 96 1
90 96 2
92 96 3
93 96 6
95 96 4
96 96 26
100 96 4
101 96 4
102 96 5
103 96 3
105 96 1
112 96 3
113 96 8
116 96 2
118 96 8
124 96 2
125 96 1
131 96 1
144 96 3
145 96 10
1 97 5
3 97 3
4 97 7
6 97 5
7 97 7
8 97 24
9 97 14
10 97 16
11 97 3
12 97 2
13 97 12
14 97 34
15 97 12
16 97 6
17 97 6
18 97 9
20 97 17
21 97 20
22 97 2
23 97 5
24 97 1
25 97 1
26 97 1
27 97 9
28 97 2
29 97 4
30 97 14
31 97 6
32 97 3
34 97 53
35 97 1
36 97 30
37 97 1
38 97 5
39 97 8
40 97 5
41 97 5
42 97 10
43 97 5
44 97 2
45 97 13
47 97 3
49 97 1
50 97 2
51 97 15
52 97 1
54 97 17
55 97 8
56 97 4
57 97 6
58 97 11
59 97 10
60 97 3
62 97 10
63 97 3
64 97 4
66 97 1
67 97 2
69 97 4
70 97 4
73 97 4
75 97 1
76 97 2
84 97 2
85 97 4
86 97 1
88 97 1
89 97 4
90 97 4
91 97 1
94 97 1
95 97 5
96 97 4
97 97 29
98 97 2
99 97 1
100 97 1
101 97 2
102 97 1
103 97 2
104 97 1
106 97 2
107 97 2
109 97 3
110 97 8
111 97 1
112 97 11
113 97 10
114 97 2
115 97 3
118 97 3
119 97 1
120 97 5
124 97 4
125 97 4
129 97 2
132 97 1
144 97 9
145 97 7
1 98 2
2 98 1
3 98 1
4 98 10
7 98 9
8 98 2
9 98 7
10 98 5
11 98 4
12 98 5
13 98 15
14 98 4
15 98 9
16 98 7
17 98 23
18 98 3
21 98 9
22 98 1
24 98 6
25 98 5
26 98 2
27 98 4
28 98 3
29 98 7
30 98 5
31 98 1
33 98 2
34 98 1
35 98 7
36 98 69
37 98 12
38 98 3
39 98 2
41 98 1
42 98 2
44 98 3
45 98 3
48 98 2
49 98 3
51 98 2
52 98 1
54 98 7
55 98 1
56 98 2
57 98 2
58 98 39
59 98 2
60 98 5
61 98 1
62 98 26
63 98 17
64 98 5
65 98 2
66 98 9
67 98 8
69 98 2
75 98 1
78 98 2
82 98 2
84 98 2
85 98 1
86 98 1
87 98 1
88 98 1
89 98 1
91 98 14
96 98 8
97 98 6
98 98 57
101 98 1
104 98 1
105 98 3
106 98 1
107 98 1
108 98 9
109 98 56
110 98 11
111 98 1
112 98 4
113 98 4
114 98 2
115 98 3
116 98 10
118 98 34
119 98 58
120 98 3
123 98 2
124 98 6
125 98 5
129 98 1
144 98 2
145 98 37
148 98 1
1 99 2
4 99 1
6 99 2
7 99 1
8 99 1
9 99 3
13 99 1
15 99 4
20 99 2
26 99 1
27 99 3
28 99 1
43 99 1
45 99 2
46 99 1
48 99 7
49 99 8
52 99 1
59 99 1
63 99 1
67 99 2
69 99 3
72 99 14
77 99 1
78 99 1
79 99 2
80 99 1
86 99 1
89 99 2
90 99 1
92 99 2
93 99 2
99 99 5
101 99 1
103 99 4
110 99 1
111 99 4
115 99 1
121 99 12
134 99 1
145 99 1
1 100 5
6 100 1
7 100 2
8 100 4
9 100 3
10 100 1
13 100 1
15 100 11
16 100 1
18 100 1
19 100 2
21 100 2
24 100 2
27 100 2
28 100 4
29 100 1
30 100 5
31 100 2
32 100 1
35 100 1
36 100 1
40 100 2
42 100 1
44 100 4
45 100 3
46 100 2
47 100 1
48 100 1
49 100 12
50 100 24
52 100 4
54 100 1
55 100 1
58 100 1
64 100 1
66 100 2
67 100 1
69 100 1
72 100 1
73 100 1
76 100 19
77 100 6
78 100 1
79 100 1
82 100 1
85 100 2
86 100 1
88 100 1
89 100 1
94 100 1
96 100 5
97 100 2
98 100 20
99 100 7
100 100 5
102 100 2
103 100 4
104 100 1
105 100 3
108 100 1
109 100 2
116 100 1
117 100 3
118 100 1
119 100 26
120 100 1
121 100 3
123 100 4
124 100 1
125 100 1
131 100 3
144 100 4
1 101 1
2 101 1
3 101 1
4 101 2
6 101 2
7 101 2
8 101 4
9 101 26
10 101 1
11 101 4
12 101 4
13 101 5
15 101 12
16 101 1
18 101 4
20 101 4
21 101 1
22 101 2
23 101 1
24 101 1
26 101 3
27 101 5
28 101 1
31 101 1
33 101 2
34 101 3
35 101 1
36 101 7
37 101 1
38 101 2
39 101 6
40 101 3
41 101 2
42 101 9
44 101 16
45 101 41
47 101 1
48 101 8
49 101 1
51 101 2
52 101 7
53 101 51
54 101 3
55 101 1
57 101 2
59 101 1
60 101 2
63 101 18
64 101 1
65 101 5
67 101 5
69 101 3
70 101 5
75 101 3
76 101 6
77 101 3
78 101 1
79 101 2
81 101 1
84 101 5
85 101 12
87 101 2
89 101 1
90 101 1
93 101 1
94 101 2
96 101 23
99 101 1
100 101 1
101 101 59
102 101 10
103 101 17
104 101 1
105 101 1
108 101 2
109 101 3
110 101 4
112 101 1
113 101 10
114 101 1
118 101 2
119 101 1
121 101 2
123 101 4
124 101 5
125 101 4
132 101 1
137 101 2
139 101 1
141 101 1
144 101 4
145 101 8
3 102 3
6 102 4
7 102 4
8 102 2
9 102 3
13 102 1
15 102 3
16 102 2
18 102 1
20 102 1
21 102 1
28 102 1
31 102 2
32 102 2
33 102 1
35 102 2
37 102 2
44 102 8
45 102 32
50 102 1
51 102 2
52 102 1
53 102 5
54 102 2
55 102 1
58 102 1
59 102 1
62 102 2
63 102 5
66 102 1
67 102 1
69 102 5
72 102 2
75 102 2
76 102 5
78 102 1
79 102 2
82 102 1
83 102 1
84 102 1
88 102 1
91 102 2
94 102 5
96 102 7
99 102 1
101 102 8
102 102 26
103 102 5
104 102 1
105 102 1
110 102 3
113 102 1
118 102 2
119 102 1
121 102 1
144 102 2
145 102 1
1 103 2
2 103 1
3 103 1
4 103 1
6 103 9
8 103 1
9 103 2
10 103 1
13 103 3
15 103 4
16 103 3
17 103 2
18 103 2
19 103 2
20 103 3
22 103 3
23 103 1
24 103 1
25 103 1
27 103 2
28 103 25
31 103 7
32 103 1
35 103 1
44 103 4
45 103 13
46 103 1
47 103 6
49 103 11
52 103 4
53 103 3
54 103 2
57 103 2
58 103 9
63 103 4
65 103 1
70 103 1
72 103 1
73 103 1
75 103 3
76 103 10
77 103 2
78 103 3
79 103 2
82 103 1
84 103 2
85 103 2
86 103 1
89 103 1
90 103 1
92 103 1
93 103 1
94 103 68
96 103 1
97 103 1
98 103 1
99 103 1
100 103 19
101 103 4
102 103 1
103 103 28
105 103 3
106 103 2
108 103 2
109 103 1
112 103 1
113 103 3
115 103 1
118 103 1
119 103 1
120 103 1
121 103 8
122 103 2
123 103 39
124 103 3
125 103 1
140 103 1
144 103 1
1 104 5
3 104 1
4 104 1
7 104 1
8 104 1
9 104 10
10 104 2
14 104 15
15 104 2
18 104 6
20 104 3
21 104 1
26 104 5
27 104 57
28 104 2
29 104 1
36 104 3
37 104 4
38 104 1
39 104 4
40 104 1
44 104 1
45 104 4
46 104 5
47 104 6
48 104 2
49 104 1
51 104 1
52 104 2
54 104 61
55 104 26
57 104 1
58 104 49
59 104 50
62 104 16
63 104 1
76 104 34
77 104 5
78 104 4
82 104 2
88 104 2
90 104 1
91 104 2
92 104 1
94 104 4
97 104 3
98 104 1
103 104 1
104 104 16
107 104 1
108 104 1
110 104 4
111 104 4
113 104 3
121 104 9
123 104 1
124 104 2
125 104 13
144 104 16
1 105 6
5 105 4
6 105 2
9 105 1
10 105 1
14 105 1
16 105 1
18 105 6
19 105 1
20 105 2
32 105 2
36 105 2
43 105 1
45 105 1
46 105 1
48 105 4
49 105 2
50 105 11
52 105 5
62 105 1
65 105 10
68 105 2
72 105 3
76 105 4
77 105 1
78 105 3
86 105 3
88 105 29
89 105 1
96 105 1
100 105 2
103 105 1
104 105 1
105 105 22
106 105 33
108 105 1
110 105 2
111 105 6
113 105 1
119 105 4
121 105 11
123 105 1
124 105 1
136 105 2
1 106 3
2 106 6
3 106 6
4 106 3
5 106 2
6 106 5
7 106 2
9 106 19
10 106 56
11 106 2
12 106 19
13 106 6
14 106 9
15 106 12
16 106 12
17 106 16
18 106 4
19 106 3
20 106 14
21 106 24
23 106 2
24 106 9
25 106 4
26 106 8
27 106 16
28 106 6
30 106 6
31 106 4
32 106 1
34 106 6
35 106 3
36 106 36
37 106 3
38 106 13
39 106 27
40 106 26
41 106 1
42 106 11
43 106 3
44 106 4
45 106 4
46 106 1
47 106 17
48 106 1
50 106 2
51 106 4
52 106 3
54 106 39
55 106 5
56 106 5
57 106 3
58 106 12
59 106 2
62 106 8
63 106 2
64 106 1
67 106 10
69 106 1
73 106 1
74 106 1
75 106 4
76 106 7
78 106 3
82 106 1
83 106 2
84 106 4
85 106 3
87 106 1
89 106 1
90 106 2
91 106 1
92 106 5
97 106 5
98 106 3
103 106 3
104 106 2
105 106 51
106 106 27
107 106 44
109 106 11
110 106 116
111 106 15
112 106 8
113 106 24
114 106 5
115 106 5
116 106 10
118 106 3
119 106 1
120 106 62
121 106 3
123 106 1
124 106 17
125 106 2
127 106 1
136 106 1
140 106 6
141 106 1
142 106 3
147 106 1
148 106 2
1 107 4
2 107 2
3 107 3
4 107 2
5 107 1
6 107 22
7 107 3
8 107 1
9 107 40
10 107 16
11 107 2
13 107 6
14 107 7
15 107 3
16 107 1
17 107 3
18 107 9
19 107 14
20 107 5
23 107 1
26 107 48
27 107 2
28 107 2
30 107 1
33 107 5
34 107 56
35 107 4
36 107 6
38 107 1
39 107 13
40 107 2
42 107 3
43 107 19
45 107 7
46 107 1
47 107 3
48 107 2
49 107 5
50 107 3
51 107 29
52 107 6
54 107 4
55 107 7
56 107 2
57 107 9
58 107 2
59 107 3
62 107 11
72 107 2
73 107 8
74 107 1
75 107 1
76 107 3
82 107 4
84 107 4
85 107 2
86 107 2
87 107 30
88 107 3
89 107 31
90 107 1
91 107 1
92 107 2
97 107 1
98 107 2
102 107 3
104 107 1
105 107 9
107 107 9
108 107 3
109 107 5
110 107 9
111 107 57
112 107 3
113 107 22
114 107 20
115 107 9
116 107 1
120 107 3
125 107 12
131 107 7
132 107 1
137 107 1
141 107 1
144 107 2
149 107 1
1 108 24
2 108 1
3 108 10
4 108 1
5 108 7
6 108 2
9 108 1
14 108 1
15 108 3
19 108 1
21 108 1
27 108 7
32 108 1
33 108 1
35 108 1
38 108 2
42 108 2
45 108 3
46 108 26
47 108 3
48 108 2
50 108 2
55 108 5
56 108 5
63 108 1
64 108 1
72 108 3
73 108 2
76 108 1
78 108 11
81 108 1
82 108 1
84 108 1
85 108 1
86 108 4
87 108 6
88 108 2
89 108 10
90 108 1
92 108 1
94 108 2
100 108 2
105 108 1
107 108 1
108 108 12
111 108 5
113 108 1
120 108 8
121 108 1
123 108 31
124 108 3
136 108 2
137 108 2
144 108 1
1 109 8
2 109 29
3 109 2
4 109 2
5 109 3
6 109 24
7 109 7
8 109 4
9 109 3
10 109 5
12 109 1
13 109 4
14 109 2
16 109 2
17 109 2
18 109 8
19 109 3
20 109 7
21 109 5
26 109 1
27 109 3
28 109 7
32 109 6
33 109 1
35 109 2
36 109 3
38 109 24
39 109 4
40 109 3
42 109 1
45 109 41
47 109 5
51 109 2
52 109 3
54 109 5
55 109 15
56 109 12
57 109 6
58 109 6
59 109 4
60 109 1
61 109 3
62 109 3
73 109 26
74 109 2
75 109 4
76 109 1
77 109 3
78 109 2
84 109 1
85 109 9
88 109 1
89 109 2
90 109 2
91 109 2
94 109 2
95 109 2
98 109 30
100 109 1
101 109 4
102 109 5
103 109 2
104 109 2
105 109 1
106 109 1
107 109 2
108 109 4
109 109 14
110 109 1
111 109 6
114 109 1
115 109 3
118 109 4
119 109 1
120 109 2
124 109 4
125 109 49
135 109 1
144 109 70
145 109 7
1 110 12
2 110 7
3 110 27
4 110 17
5 110 6
6 110 20
7 110 18
8 110 23
9 110 2
10 110 26
11 110 4
13 110 3
14 110 24
15 110 20
16 110 13
17 110 4
18 110 7
19 110 6
20 110 1
21 110 60
22 110 3
23 110 1
25 110 15
26 110 1
27 110 7
28 110 4
30 110 1
31 110 10
32 110 4
33 110 1
34 110 2
35 110 14
36 110 55
37 110 12
38 110 21
39 110 13
40 110 8
41 110 13
42 110 12
43 110 5
44 110 2
45 110 60
46 110 4
47 110 4
50 110 2
51 110 6
52 110 4
54 110 24
55 110 11
56 110 7
57 110 17
58 110 6
59 110 11
60 110 3
61 110 14
62 110 19
63 110 2
65 110 2
66 110 1
69 110 5
70 110 2
72 110 1
73 110 40
74 110 2
75 110 2
76 110 7
77 110 3
78 110 29
79 110 1
81 110 2
82 110 1
83 110 1
85 110 6
86 110 2
87 110 8
88 110 3
89 110 3
90 110 5
91 110 6
92 110 3
93 110 1
95 110 2
96 110 2
97 110 6
98 110 21
99 110 1
100 110 2
101 110 3
102 110 1
103 110 1
104 110 1
105 110 7
106 110 86
107 110 7
108 110 1
109 110 4
110 110 55
111 110 6
112 110 7
113 110 53
114 110 2
115 110 8
116 110 2
118 110 1
119 110 32
120 110 6
121 110 1
123 110 2
124 110 16
125 110 42
132 110 3
137 110 1
144 110 56
145 110 18
1 111 78
3 111 2
5 111 3
6 111 3
8 111 6
9 111 7
16 111 1
20 111 3
21 111 3
28 111 1
36 111 1
38 111 1
39 111 1
44 111 1
45 111 3
46 111 1
47 111 1
48 111 4
49 111 2
50 111 3
51 111 3
52 111 2
55 111 12
56 111 8
63 111 2
72 111 2
73 111 2
76 111 2
78 111 7
79 111 1
85 111 1
86 111 2
87 111 10
88 111 5
89 111 4
90 111 1
94 111 1
99 111 1
100 111 1
105 111 3
107 111 38
108 111 7
109 111 5
110 111 3
111 111 17
119 111 1
121 111 3
123 111 1
144 111 1
2 112 59
3 112 4
4 112 27
6 112 4
9 112 5
10 112 23
11 112 3
12 112 26
13 112 11
14 112 4
15 112 32
16 112 53
17 112 15
18 112 1
20 112 9
21 112 2
22 112 2
23 112 17
24 112 8
25 112 2
26 112 130
27 112 43
28 112 20
29 112 10
30 112 7
31 112 8
32 112 2
33 112 2
34 112 9
35 112 4
36 112 8
37 112 2
38 112 2
39 112 3
40 112 6
41 112 45
42 112 41
43 112 2
44 112 2
45 112 5
47 112 1
48 112 2
51 112 1
54 112 2
55 112 3
56 112 1
58 112 12
60 112 1
61 112 14
63 112 11
64 112 30
65 112 2
66 112 7
67 112 58
68 112 2
69 112 7
70 112 1
75 112 1
82 112 2
83 112 2
84 112 4
85 112 29
89 112 3
92 112 5
93 112 1
94 112 2
96 112 1
97 112 4
98 112 2
100 112 1
101 112 2
102 112 1
106 112 4
107 112 1
110 112 3
112 112 66
113 112 14
115 112 1
116 112 9
118 112 1
124 112 3
144 112 39
1 113 1
2 113 6
3 113 25
4 113 35
6 113 6
7 113 5
9 113 3
10 113 29
11 113 25
12 113 44
13 113 6
14 113 4
15 113 77
16 113 151
17 113 9
18 113 21
19 113 2
20 113 27
21 113 3
22 113 2
23 113 7
24 113 6
25 113 2
26 113 107
27 113 46
28 113 7
29 113 1
30 113 3
32 113 7
33 113 5
34 113 22
36 113 11
37 113 2
38 113 3
40 113 16
41 113 21
42 113 113
43 113 2
44 113 4
45 113 13
46 113 2
47 113 3
48 113 2
51 113 1
52 113 7
53 113 1
54 113 3
55 113 8
58 113 12
59 113 8
60 113 3
61 113 6
62 113 112
63 113 7
64 113 3
65 113 4
66 113 4
67 113 113
68 113 4
69 113 10
70 113 3
71 113 2
74 113 3
75 113 2
76 113 10
77 113 1
78 113 1
83 113 2
85 113 11
90 113 7
91 113 2
92 113 3
93 113 3
94 113 1
96 113 3
97 113 6
98 113 1
99 113 1
100 113 1
101 113 2
102 113 2
103 113 5
105 113 1
106 113 2
107 113 12
110 113 5
112 113 40
113 113 90
114 113 3
116 113 44
118 113 14
119 113 5
120 113 6
121 113 6
122 113 2
124 113 11
125 113 5
127 113 1
130 113 1
137 113 1
138 113 1
144 113 6
145 113 1
149 113 1
1 114 3
2 114 1
3 114 15
4 114 17
5 114 10
6 114 10
7 114 1
8 114 8
9 114 13
10 114 28
11 114 7
12 114 1
13 114 2
14 114 12
15 114 2
16 114 11
17 114 2
18 114 5
19 114 6
20 114 1
21 114 9
23 114 2
26 114 1
27 114 5
28 114 4
31 114 4
34 114 2
35 114 5
36 114 24
37 114 6
38 114 8
39 114 6
40 114 1
41 114 1
42 114 6
43 114 19
44 114 1
45 114 15
46 114 1
47 114 2
50 114 1
51 114 3
52 114 2
54 114 12
55 114 21
56 114 1
57 114 1
58 114 6
59 114 3
63 114 1
64 114 2
66 114 1
67 114 1
68 114 1
72 114 1
73 114 13
78 114 2
82 114 2
85 114 5
86 114 1
89 114 2
90 114 5
91 114 5
92 114 1
93 114 1
94 114 1
95 114 1
96 114 1
97 114 4
98 114 2
104 114 2
107 114 7
109 114 1
110 114 3
111 114 8
113 114 2
114 114 34
115 114 4
116 114 3
120 114 5
124 114 2
125 114 3
127 114 1
130 114 2
131 114 5
137 114 3
139 114 1
142 114 1
144 114 60
145 114 3
1 115 24
3 115 1
4 115 2
5 115 1
6 115 3
8 115 1
9 115 14
10 115 8
11 115 1
12 115 2
13 115 1
15 115 1
16 115 4
17 115 1
18 115 8
19 115 1
21 115 6
23 115 1
27 115 4
31 115 1
35 115 4
36 115 3
37 115 1
38 115 5
39 115 2
40 115 3
41 115 1
42 115 2
43 115 1
45 115 8
47 115 1
48 115 1
50 115 4
51 115 1
54 115 3
55 115 3
56 115 2
57 115 1
58 115 2
59 115 3
67 115 3
73 115 1
75 115 1
77 115 1
78 115 4
82 115 1
87 115 1
88 115 17
89 115 5
91 115 2
97 115 1
99 115 1
105 115 2
106 115 1
107 115 2
109 115 1
110 115 5
111 115 1
112 115 1
115 115 17
119 115 1
120 115 1
121 115 2
124 115 1
125 115 2
131 115 12
132 115 1
136 115 1
137 115 1
143 115 1
144 115 1
148 115 1
1 116 2
2 116 8
3 116 2
4 116 28
8 116 1
9 116 3
10 116 15
11 116 12
12 116 5
14 116 2
15 116 7
16 116 4
17 116 7
18 116 4
20 116 7
21 116 46
22 116 5
23 116 102
24 116 10
25 116 31
26 116 27
27 116 7
28 116 22
29 116 2
30 116 88
32 116 28
33 116 4
34 116 11
35 116 3
36 116 9
37 116 12
38 116 1
39 116 2
40 116 10
41 116 5
42 116 6
43 116 4
45 116 8
47 116 1
52 116 1
53 116 1
54 116 3
55 116 6
56 116 1
58 116 2
59 116 4
61 116 14
62 116 12
63 116 6
64 116 3
65 116 7
66 116 5
67 116 4
68 116 11
69 116 14
70 116 3
71 116 18
73 116 1
75 116 1
76 116 4
77 116 1
82 116 1
83 116 1
84 116 9
85 116 3
87 116 6
88 116 3
92 116 1
93 116 1
97 116 4
98 116 8
103 116 1
106 116 5
107 116 1
108 116 1
111 116 1
112 116 20
113 116 41
114 116 2
115 116 1
116 116 66
121 116 2
122 116 13
124 116 4
125 116 7
135 116 1
140 116 1
144 116 1
145 116 1
1 117 1
12 117 1
15 117 3
46 117 2
62 117 3
63 117 2
67 117 3
76 117 1
79 117 3
88 117 1
89 117 1
99 117 2
108 117 1
110 117 1
113 117 1
117 117 2
119 117 3
121 117 2
2 118 3
3 118 5
4 118 6
6 118 8
8 118 7
9 118 4
10 118 7
11 118 2
12 118 9
14 118 1
15 118 17
16 118 61
17 118 2
18 118 1
20 118 2
21 118 2
23 118 1
24 118 1
25 118 1
26 118 3
27 118 11
28 118 73
29 118 1
30 118 2
31 118 11
32 118 3
34 118 2
36 118 2
39 118 2
41 118 1
42 118 11
43 118 3
44 118 8
45 118 21
47 118 1
49 118 1
52 118 9
53 118 44
54 118 1
55 118 3
56 118 3
57 118 1
58 118 4
59 118 1
62 118 2
63 118 42
67 118 11
70 118 1
74 118 4
75 118 10
76 118 9
77 118 1
78 118 3
80 118 1
84 118 9
93 118 7
94 118 1
95 118 2
96 118 4
97 118 1
98 118 16
100 118 3
103 118 18
106 118 2
107 118 1
109 118 6
110 118 2
112 118 1
113 118 10
114 118 2
115 118 1
118 118 13
121 118 1
123 118 1
124 118 17
137 118 1
144 118 4
145 118 1
1 119 10
3 119 1
6 119 7
9 119 2
13 119 1
15 119 1
18 119 1
26 119 3
27 119 2
38 119 1
40 119 1
44 119 1
45 119 4
48 119 3
49 119 3
56 119 3
57 119 1
59 119 1
63 119 2
66 119 1
76 119 6
77 119 1
78 119 5
79 119 2
82 119 3
88 119 1
89 119 1
90 119 1
93 119 4
98 119 17
100 119 1
101 119 1
103 119 10
105 119 3
110 119 2
111 119 1
113 119 2
114 119 2
117 119 2
118 119 2
119 119 14
121 119 18
123 119 2
125 119 2
138 119 1
144 119 1
1 120 14
2 120 1
3 120 1
5 120 8
6 120 8
7 120 1
9 120 3
10 120 4
11 120 1
12 120 3
13 120 6
15 120 5
16 120 30
18 120 5
19 120 1
20 120 1
21 120 3
26 120 1
27 120 1
32 120 1
35 120 2
36 120 2
39 120 1
42 120 1
43 120 1
45 120 1
46 120 1
48 120 3
50 120 23
51 120 2
54 120 46
55 120 1
56 120 4
57 120 1
58 120 1
61 120 1
63 120 2
67 120 4
72 120 1
73 120 2
75 120 1
78 120 14
82 120 2
83 120 2
84 120 2
87 120 5
88 120 1
89 120 9
90 120 1
97 120 2
102 120 1
103 120 1
105 120 1
107 120 1
108 120 10
110 120 2
111 120 4
112 120 1
113 120 1
114 120 1
120 120 15
121 120 1
124 120 1
125 120 2
133 120 1
137 120 1
147 120 2
149 120 1
1 121 23
2 121 7
4 121 1
6 121 1
8 121 1
9 121 2
10 121 5
12 121 1
13 121 28
15 121 6
16 121 16
18 121 1
20 121 2
21 121 2
23 121 1
27 121 4
28 121 3
30 121 2
32 121 1
33 121 1
36 121 4
37 121 1
41 121 1
42 121 4
43 121 1
44 121 4
45 121 3
46 121 2
47 121 1
48 121 17
49 121 10
50 121 1
51 121 1
52 121 1
56 121 2
61 121 1
63 121 23
67 121 15
69 121 2
72 121 4
73 121 4
75 121 1
76 121 1
77 121 3
78 121 11
79 121 13
80 121 1
83 121 1
87 121 1
89 121 1
90 121 1
91 121 3
93 121 4
94 121 6
96 121 2
99 121 11
100 121 9
103 121 6
104 121 1
105 121 18
106 121 1
108 121 1
111 121 4
112 121 3
117 121 3
118 121 2
119 121 13
120 121 2
121 121 29
122 121 1
123 121 2
124 121 3
132 121 1
144 121 1
2 122 16
4 122 8
9 122 1
10 122 16
11 122 111
12 122 8
13 122 10
14 122 5
15 122 6
16 122 42
17 122 1
18 122 4
19 122 1
20 122 68
21 122 4
22 122 14
23 122 7
24 122 22
25 122 140
26 122 25
27 122 6
28 122 14
29 122 2
30 122 13
32 122 16
33 122 5
34 122 1
35 122 14
36 122 8
39 122 1
41 122 29
42 122 12
43 122 1
44 122 2
45 122 2
52 122 1
54 122 1
55 122 7
58 122 1
59 122 22
60 122 11
61 122 1
62 122 3
63 122 8
64 122 57
65 122 30
66 122 6
67 122 2
68 122 80
69 122 149
70 122 110
71 122 226
76 122 1
83 122 6
84 122 1
85 122 10
91 122 2
92 122 1
98 122 4
100 122 2
103 122 1
106 122 4
111 122 1
112 122 1
113 122 1
115 122 2
116 122 58
118 122 1
122 122 580
125 122 3
1 123 6
6 123 1
9 123 2
14 123 1
18 123 3
25 123 1
43 123 3
46 123 2
48 123 2
49 123 4
50 123 18
51 123 1
52 123 2
56 123 1
58 123 1
59 123 1
72 123 11
77 123 1
78 123 10
79 123 1
80 123 2
86 123 1
88 123 3
89 123 6
93 123 1
99 123 1
100 123 2
103 123 35
108 123 2
111 123 1
119 123 1
123 123 8
1 124 2
2 124 3
3 124 30
4 124 15
8 124 7
9 124 13
10 124 42
11 124 2
12 124 2
13 124 8
14 124 3
15 124 20
16 124 7
17 124 6
18 124 15
21 124 17
23 124 2
26 124 11
27 124 15
28 124 25
31 124 1
33 124 1
34 124 1
35 124 2
36 124 11
37 124 2
38 124 3
39 124 3
40 124 8
41 124 8
42 124 5
43 124 5
45 124 11
48 124 1
51 124 11
52 124 2
54 124 2
55 124 9
56 124 1
58 124 3
59 124 3
61 124 5
63 124 1
66 124 3
67 124 9
69 124 1
72 124 1
73 124 4
76 124 1
82 124 1
83 124 1
84 124 7
85 124 5
87 124 1
89 124 4
90 124 1
91 124 1
93 124 2
97 124 4
98 124 6
100 124 1
101 124 1
103 124 23
104 124 2
105 124 1
106 124 11
108 124 4
109 124 1
110 124 8
111 124 1
112 124 2
113 124 11
115 124 3
116 124 1
118 124 2
120 124 6
124 124 48
125 124 1
128 124 2
130 124 1
134 124 1
137 124 1
140 124 1
141 124 2
144 124 5
1 125 1
3 125 5
4 125 1
5 125 2
6 125 1
7 125 10
8 125 12
9 125 58
10 125 1
11 125 3
14 125 28
15 125 5
16 125 1
18 125 2
20 125 19
21 125 9
22 125 4
23 125 2
24 125 2
25 125 1
26 125 3
28 125 1
30 125 1
31 125 8
32 125 8
33 125 1
34 125 1
35 125 1
36 125 3
37 125 5
38 125 1
39 125 9
40 125 2
41 125 8
42 125 2
43 125 4
45 125 25
47 125 1
48 125 1
49 125 2
50 125 3
51 125 6
54 125 1
55 125 4
56 125 1
57 125 3
58 125 4
59 125 16
60 125 7
61 125 1
62 125 5
63 125 4
67 125 2
69 125 3
70 125 5
71 125 5
72 125 1
73 125 9
78 125 1
82 125 5
84 125 1
85 125 1
86 125 1
87 125 2
88 125 10
89 125 1
90 125 20
91 125 7
93 125 2
95 125 9
96 125 2
97 125 2
98 125 11
101 125 3
103 125 1
104 125 14
106 125 1
107 125 6
109 125 45
110 125 23
111 125 2
112 125 4
113 125 1
114 125 3
115 125 10
116 125 1
118 125 2
119 125 5
120 125 10
124 125 1
125 125 39
141 125 1
142 125 1
144 125 9
145 125 2
126 126 1
1 127 1
3 127 3
10 127 1
15 127 3
21 127 1
43 127 1
49 127 1
54 127 1
67 127 2
84 127 1
85 127 1
106 127 2
124 127 5
125 127 1
127 127 7
130 127 1
137 127 2
138 127 1
145 127 2
1 128 1
38 128 1
62 128 1
91 128 3
93 128 1
103 128 1
114 128 2
118 128 1
124 128 3
128 128 5
135 128 2
147 128 1
12 129 1
63 129 1
97 129 2
129 129 9
130 129 1
133 129 2
135 129 1
136 129 3
140 129 1
147 129 1
4 130 1
9 130 1
113 130 2
124 130 1
127 130 2
130 130 3
137 130 1
1 131 17
8 131 1
10 131 1
11 131 1
13 131 1
16 131 1
31 131 3
36 131 1
39 131 2
62 131 1
82 131 1
84 131 3
89 131 3
96 131 1
110 131 1
114 131 2
115 131 12
120 131 1
127 131 1
131 131 3
140 131 1
143 131 13
144 131 1
149 131 1
3 132 1
6 132 3
7 132 3
10 132 4
14 132 1
43 132 1
45 132 1
63 132 1
78 132 2
85 132 1
89 132 2
110 132 3
114 132 1
115 132 2
130 132 1
131 132 2
135 132 1
136 132 1
140 132 1
144 132 3
1 133 1
10 133 1
43 133 2
108 133 2
121 133 1
124 133 1
130 133 1
132 133 2
133 133 1
134 133 1
136 133 1
2 134 5
56 134 1
72 134 1
85 134 1
114 134 1
129 134 1
134 134 3
136 134 2
141 134 2
1 135 1
21 135 5
39 135 1
45 135 1
78 135 1
129 135 3
130 135 1
135 135 1
137 135 1
138 135 1
140 135 1
4 136 1
10 136 1
13 136 1
56 136 1
85 136 1
124 136 3
127 136 1
128 136 2
129 136 3
133 136 3
134 136 4
136 136 5
1 137 8
15 137 1
45 137 2
54 137 1
56 137 3
78 137 3
85 137 5
87 137 2
88 137 2
89 137 2
108 137 3
111 137 1
114 137 2
116 137 1
123 137 1
132 137 1
133 137 1
134 137 1
136 137 1
137 137 7
138 137 3
139 137 1
142 137 6
143 137 1
1 138 5
2 138 1
4 138 1
15 138 1
21 138 4
95 138 2
113 138 1
128 138 1
129 138 2
130 138 1
137 138 3
138 138 2
142 138 1
1 139 1
9 139 1
17 139 1
21 139 1
48 139 1
72 139 1
115 139 1
120 139 3
133 139 1
137 139 3
138 139 1
139 139 5
140 139 2
142 139 1
148 139 1
149 139 1
1 140 9
4 140 1
5 140 1
9 140 1
11 140 1
21 140 1
48 140 6
78 140 5
86 140 1
88 140 7
98 140 1
108 140 2
111 140 2
114 140 1
129 140 1
131 140 1
135 140 1
137 140 1
139 140 2
140 140 2
142 140 2
143 140 1
15 141 1
28 141 1
37 141 1
67 141 1
69 141 2
77 141 1
84 141 1
98 141 3
114 141 1
115 141 1
127 141 3
131 141 4
136 141 1
140 141 1
141 141 5
144 141 1
1 142 7
10 142 1
36 142 2
51 142 1
56 142 3
63 142 1
73 142 1
78 142 2
89 142 2
103 142 2
106 142 1
108 142 3
111 142 3
115 142 2
120 142 2
121 142 1
137 142 4
140 142 2
141 142 2
142 142 5
15 143 1
88 143 2
89 143 1
115 143 2
127 143 1
131 143 1
133 143 2
137 143 4
143 143 3
147 143 1
1 144 3
2 144 2
3 144 2
4 144 19
5 144 1
6 144 5
7 144 14
8 144 3
9 144 42
10 144 8
11 144 1
13 144 1
14 144 8
15 144 5
16 144 5
17 144 5
18 144 27
19 144 22
20 144 7
21 144 14
24 144 1
26 144 2
27 144 16
28 144 9
29 144 1
31 144 6
33 144 3
34 144 44
35 144 1
36 144 16
37 144 4
38 144 25
39 144 34
40 144 4
41 144 64
42 144 19
43 144 29
44 144 1
45 144 53
46 144 1
47 144 3
48 144 2
51 144 21
53 144 2
54 144 43
55 144 4
56 144 5
57 144 2
58 144 6
59 144 4
60 144 7
63 144 1
65 144 1
66 144 1
67 144 3
68 144 1
69 144 1
72 144 1
73 144 3
78 144 1
82 144 6
83 144 1
84 144 2
85 144 7
86 144 5
87 144 3
88 144 1
89 144 3
90 144 2
91 144 3
92 144 2
93 144 1
95 144 1
96 144 1
97 144 9
98 144 2
101 144 4
102 144 4
104 144 27
106 144 1
108 144 1
109 144 74
110 144 24
111 144 2
112 144 11
113 144 8
114 144 63
115 144 2
116 144 1
124 144 6
125 144 11
131 144 1
144 144 23
145 144 3
1 145 2
3 145 2
4 145 3
5 145 1
6 145 2
7 145 2
8 145 6
9 145 12
10 145 2
12 145 1
15 145 1
17 145 1
18 145 8
19 145 2
20 145 1
21 145 1
26 145 3
27 145 2
30 145 1
31 145 1
32 145 1
33 145 2
34 145 7
35 145 2
36 145 2
37 145 4
38 145 3
39 145 1
40 145 1
41 145 8
42 145 2
43 145 1
45 145 28
46 145 1
47 145 4
48 145 1
51 145 4
54 145 8
56 145 3
57 145 3
58 145 1
62 145 1
64 145 1
72 145 1
75 145 1
78 145 1
82 145 1
83 145 1
85 145 1
86 145 1
89 145 2
91 145 2
95 145 1
96 145 12
97 145 13
98 145 12
100 145 1
101 145 1
106 145 1
109 145 10
110 145 24
112 145 3
114 145 17
121 145 1
122 145 1
124 145 3
125 145 6
128 145 1
131 145 1
134 145 2
144 145 2
145 145 32
146 146 4
2 147 2
3 147 1
8 147 1
9 147 1
10 147 3
11 147 1
15 147 7
16 147 1
20 147 1
21 147 1
23 147 1
24 147 1
27 147 1
30 147 3
35 147 4
36 147 2
38 147 1
42 147 1
45 147 1
62 147 2
63 147 20
64 147 1
75 147 2
84 147 1
87 147 1
96 147 1
104 147 1
111 147 1
113 147 12
114 147 1
120 147 3
124 147 1
135 147 6
136 147 1
140 147 1
142 147 1
143 147 1
147 147 15
148 147 7
12 148 1
15 148 5
23 148 1
30 148 1
47 148 1
63 148 3
85 148 1
93 148 1
103 148 1
106 148 2
117 148 1
120 148 2
140 148 1
144 148 1
145 148 2
147 148 4
148 148 13
149 148 6
62 149 1
122 149 1
146 149 1
149 149 21
